1	0.539047	0.204367	0.498424	0.57948	0.504103	0.253587	0.206437	-0.0733609	0.621322	0.539847	0.602432	0.384928	0.406326	0.503516	0.472655	0.301952	0.00186303	0.444699	0.325231	0.305248	0.379687	0.399726	0.0831769	-0.0720565	0.151594	0.264472	0.028223	0.157336	-0.11469	0.378643	0.300385	0.235492	0.180134	0.431112	0.374541	-0.06185	0.041497	0.0624188	0.0144294	0.149514	0.309277	0.105726	-0.298778	0.0612898	0.228558	0.222676	0.310417	0.276493	0.463303	0.208274	0.371774	0.338854	0.292858	0.300855	0.177015	0.357764	0.531581	0.345216	-0.00415202	0.444133	0.265906	0.366928	0.513562	0.204021	0.276113	0.469834	0.407639	0.200009	0.264034	0.585874	0.378072	0.445128	0.316689	0.369161	0.266715	0.0173414	-0.253431	0.292938	0.512869	0.407106	0.281524	0.230589	0.32318	0.291257	0.0765671	-0.0430478	0.285474	0.169011	0.244495	0.125859	0.144175	-0.212341	0.276274	0.440422	0.208059	0.0318978	0.304781	0.3368	0.459122	0.367353	0.459072	0.0593499	0.424772	0.268886	0.191775	0.369356	0.239386	-0.0135455	0.126424	0.258188	0.394367	0.103518	0.468863	0.141229	0.205224	-0.00992611	0.206775	0.393244	
0.539047	1	0.4145	0.707767	0.472328	0.458924	0.159603	0.270903	-0.163186	0.439162	0.444038	0.385967	0.186135	0.156572	0.51605	0.413261	0.382431	0.0110586	0.436353	0.200469	0.330756	0.10315	0.382656	0.108292	-0.244563	0.110575	0.0549546	-0.112921	-0.184237	-0.242852	0.424362	0.490584	0.296501	0.0211401	0.207506	0.191804	-0.258685	-0.0301491	-0.121158	-0.0699395	-0.0134061	0.254878	0.102322	-0.27667	0.0646831	0.0930635	0.184782	0.0689592	0.147737	0.412548	0.0589836	0.514608	0.278619	0.450231	0.496432	0.135635	0.307544	0.321612	0.264736	0.107759	0.578333	0.193867	0.414351	0.0936471	0.222461	0.271665	0.35866	0.269643	0.0376991	0.25271	0.415289	0.265736	0.286398	0.138907	0.221032	0.0152861	-0.0604405	-0.286046	-0.0186946	0.280476	0.287112	0.16698	0.175053	0.119277	0.169282	-0.233603	0.056302	0.197709	-0.0871823	0.078105	-0.0775478	0.0247832	-0.375901	0.232302	0.173096	0.223405	0.10959	0.232415	0.373859	0.336611	0.092178	0.208435	0.291906	0.420113	0.142266	0.190781	0.0291769	0.417087	-0.0220922	0.0139648	0.209684	0.0106577	0.263814	0.382473	-0.227962	-0.035559	0.382126	0.165137	0.249226	
0.204367	0.4145	1	0.526272	-0.0895632	0.191089	0.031025	-0.101304	-0.342355	0.186546	0.0290311	0.123187	0.0242473	0.384014	0.392463	0.19049	-0.0739215	-0.194429	-0.0666279	-0.011365	0.260377	0.184144	0.037404	-0.0603155	0.0434887	-0.120149	0.145135	-0.195655	-0.00180935	-0.154644	0.0587509	0.220166	0.0717602	0.169683	0.233195	-0.0162005	-0.0986797	-0.117079	0.0705114	0.0816072	0.138417	0.44243	-0.0671674	-0.0995844	-0.0371351	0.126244	0.08404	0.151754	-0.0149496	0.518023	0.249194	0.719864	0.718962	0.469949	0.162513	0.206189	0.0230807	0.0237933	-0.0868766	-0.126119	0.389977	0.239189	0.22811	-0.0386073	0.594403	0.376331	0.24769	0.0107695	-0.0649527	0.0878034	0.255239	0.0890839	0.131317	0.0713935	0.0115075	-0.0520019	0.0907778	0.149301	0.184845	0.0616452	0.202131	0.0282203	0.265506	-0.0186319	0.178358	-0.0553508	0.210736	0.254943	0.0632133	0.343262	0.323232	0.186365	-0.0280199	0.125659	0.13416	0.557246	0.0136507	0.181449	0.592189	0.489063	0.140716	0.150016	0.104221	0.273448	0.482181	0.305618	0.0276446	0.271091	-0.037722	0.0920627	0.184996	0.296564	0.17295	0.348349	0.208403	0.288588	0.258388	0.0570484	0.167683	
0.498424	0.707767	0.526272	1	0.524193	0.413509	0.256534	0.386851	0.0555618	0.430705	0.497216	0.639905	0.28958	0.435635	0.81722	0.799543	0.46134	0.214564	0.627268	0.515613	0.569975	0.428623	0.52599	0.358857	0.209151	0.273563	0.171309	0.205974	0.181642	-0.271935	0.607972	0.439632	0.449827	0.145498	0.458178	0.547523	-0.340088	0.0998702	-0.0964859	0.00397798	0.169816	0.343404	-0.00644322	-0.454402	0.0644002	0.322399	0.0692613	0.226852	0.35418	0.744992	0.280613	0.62778	0.715936	0.395206	0.351885	0.254687	0.238244	0.259953	0.445382	0.212787	0.663594	0.34779	0.561709	0.256084	0.459631	0.621756	0.760581	0.36327	0.414366	0.50544	0.626218	0.540139	0.584498	0.42283	0.1397	-0.102385	0.0156926	0.0393734	0.275196	0.51137	0.391012	0.352562	0.154529	0.225788	0.334193	-0.00809195	-0.032802	0.430441	-0.0906433	0.284601	0.0175215	0.144076	-0.433953	0.453455	0.319995	0.255085	0.29521	0.354726	0.591401	0.624196	0.243574	0.262625	0.199375	0.497392	0.360077	0.249521	0.165482	0.497707	0.201067	0.279998	0.328683	0.198297	0.240645	0.507994	0.065876	0.176054	0.293163	0.396638	0.456579	
0.57948	0.472328	-0.0895632	0.524193	1	0.659688	0.548571	0.0586328	-0.145009	0.375547	0.560592	0.47188	0.543164	0.177929	0.425599	0.399401	0.474483	-0.100652	0.417074	0.194698	0.38421	0.476091	0.310984	0.0287023	-0.0608	0.135876	0.273355	0.275423	0.301313	-0.104509	0.420812	0.281348	0.0912131	0.0492558	0.473064	0.396969	-0.19563	0.0711319	0.0132731	0.0468147	0.323312	0.264632	-0.0529657	-0.239319	-0.0873695	0.393403	0.0336734	0.33355	0.601089	0.284892	0.558493	0.0839031	0.190106	0.32457	0.554574	0.478601	0.207625	0.0313227	0.339132	-0.0630093	0.307365	0.146828	0.418574	0.446925	0.102524	0.413329	0.45805	0.154379	0.3317	0.0713002	0.399604	0.638405	0.385413	0.142519	0.0496729	-0.170949	-0.0167288	-0.0032118	0.383513	0.223009	0.215188	0.0538741	0.32007	0.349562	-0.00162933	-0.0554789	-0.0099626	0.428342	-0.0295589	0.0260295	0.109945	0.0832663	-0.277832	0.381548	0.21999	0.134959	0.570596	0.443956	0.330018	0.274238	0.308965	0.0129375	0.120404	0.249515	-0.200124	0.151634	0.51455	0.300266	-0.0747977	0.188878	0.352748	0.159632	-0.0964007	0.306934	-0.222839	0.064676	0.0578946	0.471767	0.602522	
0.504103	0.458924	0.191089	0.413509	0.659688	1	0.527052	-0.211088	-0.480584	0.555327	0.685848	0.410962	0.202724	0.235066	0.241802	0.197077	0.261152	-0.253391	0.210919	-0.108463	0.360557	0.496813	0.225466	-0.411378	-0.369284	0.399161	0.426157	-0.372491	0.264241	-0.0843153	-0.0105588	0.363464	0.0846014	0.172361	0.31897	0.301722	-0.367931	0.158787	-0.0850618	-0.00278621	0.293777	0.104456	-0.129722	-0.116913	-0.0289993	0.351782	0.287579	0.382054	0.42055	0.151695	0.598653	0.207526	0.268892	0.642144	0.80273	0.535699	0.0831979	0.129475	0.156527	-0.399154	0.235661	0.4675	0.359099	0.212507	0.303645	0.509806	0.274382	0.0616688	0.162872	-0.200371	0.469101	0.536251	0.218537	-0.029729	-0.0826626	-0.0511583	0.0960493	-0.0957655	0.296424	-0.0615916	0.112665	0.0287993	0.294411	-0.122473	-0.0358017	-0.208377	-0.261309	0.262057	-0.237075	-0.173328	-0.0042684	-0.0213589	-0.33191	0.143513	0.114786	0.403634	0.468478	0.360999	0.25599	0.260322	0.319162	0.291292	0.240907	0.103114	0.0638608	0.314333	0.381518	0.264436	-0.133805	0.181943	0.384245	0.513879	-0.085512	0.126862	-0.153143	0.228404	0.242564	0.268056	0.515686	
0.253587	0.159603	0.031025	0.256534	0.548571	0.527052	1	-0.106095	-0.0940513	0.304665	0.374389	0.237139	0.540969	-0.137786	0.177204	0.255306	0.239716	-0.0779905	0.361396	-0.0434727	0.43022	0.368166	-0.065232	-0.145651	0.0190725	-0.149952	0.388661	0.0267595	0.612424	-0.411633	0.144758	0.145918	-0.216937	0.0130629	0.726175	0.512007	0.186524	-0.0773052	0.409351	0.339592	0.334159	0.101414	0.132744	0.00971809	-0.0989498	0.463863	-0.102414	0.345865	0.516181	0.107169	0.589349	0.0865421	0.0838927	0.306562	0.319139	0.722618	0.470369	0.0615633	0.34261	-0.180647	-0.0853277	0.287296	0.361854	0.598595	-0.0191944	0.622194	0.421979	0.110762	0.508612	-0.0824628	0.352726	0.36091	0.0672234	0.122696	0.196558	-0.118713	0.210401	0.346251	0.533507	0.0484355	-0.0458623	0.00975938	0.273117	0.510009	0.0952255	0.125803	0.0410701	0.801056	0.29048	0.217885	0.529337	0.272963	-0.0423613	0.285383	-0.0532926	0.387869	0.593046	0.406214	0.216209	0.151714	0.603225	0.0489345	0.168243	0.02234	-0.00165691	0.600855	0.162133	0.0604866	0.0200887	0.369333	0.536801	0.228437	-0.115498	0.241066	0.0972536	0.511047	0.195859	0.29103	0.523394	
0.206437	0.270903	-0.101304	0.386851	0.0586328	-0.211088	-0.106095	1	0.616068	0.488406	0.375686	0.600853	0.355295	0.05725	0.565496	0.587617	0.571568	0.853794	0.679713	0.821963	0.401729	0.27406	0.421159	0.708089	0.470052	0.28824	0.124476	0.431964	0.182459	0.199611	0.67894	0.268657	0.580635	0.217707	0.0770655	0.42407	0.00653415	0.433572	-0.0138311	0.145664	0.076777	0.0185743	0.456845	-0.151742	0.383364	0.15752	0.0397302	-0.15545	0.145703	0.56004	-0.347921	0.245413	0.0346968	-0.227496	-0.276575	-0.434938	0.386547	0.666604	0.580816	0.527577	0.582262	0.201079	0.52933	0.320929	0.102894	0.0816014	0.249737	0.750746	0.211651	0.738132	0.475547	0.239666	0.580152	0.402219	0.580394	0.271529	-0.0418219	0.158608	0.155567	0.734571	0.520161	0.628527	0.170266	0.417857	0.376434	0.281369	0.00861065	-0.0345316	0.171284	0.344548	-0.180689	0.244266	-0.0631014	0.461694	0.482306	-0.193091	-0.12802	0.18696	0.140806	0.363187	0.0247031	0.361067	0.143604	0.481498	0.218242	-0.0447979	-0.000144957	0.308537	0.294914	0.214904	0.147307	0.0230675	0.405024	0.396746	0.0133265	0.240191	0.298241	0.333486	0.196986	
-0.0733609	-0.163186	-0.342355	0.0555618	-0.145009	-0.480584	-0.0940513	0.616068	1	-0.0452097	0.00433229	0.278042	0.201866	0.016315	0.201001	0.362541	0.412027	0.620733	0.544727	0.568719	0.046997	0.0502748	0.352756	0.571599	0.495812	0.194565	-0.224345	0.581187	0.21931	-0.0538229	0.27323	-0.249774	0.315978	0.170468	-0.0648229	0.44806	0.00970736	0.03935	-0.0816748	0.223871	-0.0123574	-0.252306	0.17699	-0.318476	0.0717613	0.141289	-0.0733392	-0.0478377	0.181875	0.107051	-0.336383	-0.0524923	-0.13338	-0.649675	-0.698758	-0.286252	0.107735	0.219245	0.605369	0.808118	0.167317	-0.156831	0.0287339	0.420661	-0.16757	-0.034346	0.279539	0.379487	0.576669	0.52124	0.175697	0.142569	0.33954	0.380528	0.389367	0.212956	-0.0287987	0.248922	0.219045	0.612235	0.0481043	0.403096	-0.217714	0.39318	0.121533	0.561397	-0.11949	-0.115564	0.188103	0.119179	-0.30163	0.221985	-0.0898	0.336356	0.381976	-0.352997	0.0299379	0.0613305	-0.21942	-0.0630821	0.178438	0.203419	0.0858517	0.354805	0.0880764	0.0758295	0.0186564	0.0847439	0.626592	0.137604	0.14615	-0.262089	0.381373	0.262706	0.179924	0.161814	0.0349554	0.244784	0.028311	
0.621322	0.439162	0.186546	0.430705	0.375547	0.555327	0.304665	0.488406	-0.0452097	1	0.843727	0.757465	0.409005	0.333401	0.551374	0.429154	0.394288	0.312418	0.459536	0.465188	0.576153	0.636121	0.396364	-0.0876575	0.118743	0.422057	0.635481	-0.0608811	0.427095	0.137454	0.345845	0.586268	0.463642	0.304547	0.337371	0.369085	-0.110759	0.472583	0.0792345	0.155801	0.404885	0.229372	0.305714	-0.00172675	0.381397	0.408025	0.370971	0.120665	0.409706	0.598278	0.207328	0.465434	0.225528	0.282325	0.252723	-0.0925334	0.391074	0.786074	0.43818	0.0404179	0.543371	0.625525	0.615749	0.427219	0.41451	0.331225	0.271224	0.65419	0.130332	0.384016	0.738394	0.459856	0.453736	0.3395	0.499602	0.361931	0.301454	-0.0315508	0.466479	0.518796	0.590351	0.541834	0.599739	0.224828	0.418207	0.012521	-0.0431803	0.139501	0.120274	0.381048	0.0756548	0.206511	-0.0507009	0.374111	0.525189	0.351176	0.10068	0.455616	0.374632	0.534664	0.380024	0.68663	0.291299	0.433427	0.339784	0.303616	0.379863	0.449788	-0.0593522	0.403904	0.465064	0.650242	0.243349	0.426013	0.178885	0.619015	0.356127	0.381391	0.615295	
0.539847	0.444038	0.0290311	0.497216	0.560592	0.685848	0.374389	0.375686	0.00433229	0.843727	1	0.767092	0.389565	0.481472	0.463379	0.47983	0.437342	0.255168	0.50338	0.34853	0.475334	0.677372	0.572399	-0.126307	-0.00920708	0.567831	0.411895	0.00412821	0.519856	0.0662695	0.300076	0.557888	0.466353	0.454401	0.270919	0.517062	-0.352387	0.363367	0.036246	0.261207	0.553058	0.186042	0.214769	-0.121736	0.153535	0.566531	0.480315	0.398695	0.679109	0.521333	0.309919	0.40005	0.212052	0.171057	0.323481	0.0538822	0.12185	0.562919	0.533841	0.0587296	0.523566	0.616665	0.663286	0.452716	0.39706	0.407425	0.399454	0.49512	0.320303	0.254004	0.699234	0.665341	0.352252	0.222273	0.384702	0.24745	0.126447	-0.0193759	0.518716	0.499937	0.512434	0.459555	0.481704	0.194225	0.296208	0.118502	-0.256161	0.160704	-0.0129691	0.107669	-0.0784645	0.287989	-0.163472	0.499823	0.498848	0.383302	0.391819	0.605935	0.341308	0.46572	0.479669	0.573912	0.448121	0.522041	0.245857	0.336549	0.523067	0.523586	0.139606	0.425758	0.598281	0.534406	0.304816	0.468649	0.0936626	0.551445	0.392376	0.540973	0.725001	
0.602432	0.385967	0.123187	0.639905	0.47188	0.410962	0.237139	0.600853	0.278042	0.757465	0.767092	1	0.451834	0.414084	0.743054	0.740818	0.524134	0.495406	0.692433	0.692489	0.602666	0.711129	0.724117	0.285227	0.377444	0.569533	0.4894	0.313717	0.444978	-0.0616771	0.552673	0.365885	0.618148	0.254207	0.481925	0.560503	-0.184704	0.404141	-0.0538615	0.114942	0.406242	0.256003	0.142596	-0.331838	0.268741	0.506805	0.20985	0.265391	0.493557	0.713733	0.142402	0.411258	0.469904	0.0700214	0.0830749	-0.0199966	0.341679	0.593908	0.541694	0.265708	0.644175	0.42095	0.537747	0.501256	0.31261	0.494303	0.502882	0.676284	0.387561	0.572338	0.816327	0.644261	0.573329	0.575854	0.315727	0.252391	0.273624	0.181794	0.565968	0.589562	0.529878	0.510754	0.311957	0.252966	0.266375	0.195454	-0.103918	0.179286	-0.0787237	0.264061	-0.0558315	0.245869	-0.271782	0.359832	0.609976	0.0444576	0.165897	0.412437	0.359739	0.574715	0.380821	0.493574	0.186515	0.491082	0.39185	0.155833	0.510294	0.439737	0.206499	0.417029	0.404997	0.360856	0.322276	0.454559	0.126501	0.426642	0.0553146	0.541927	0.589836	
0.384928	0.186135	0.0242473	0.28958	0.543164	0.202724	0.540969	0.355295	0.201866	0.409005	0.389565	0.451834	1	0.160505	0.521784	0.429127	0.671854	0.191438	0.467316	0.469173	0.715345	0.603857	0.203498	0.318199	0.442228	0.0658435	0.505786	0.457185	0.509581	-0.0662373	0.614068	0.265541	0.34666	0.257533	0.425543	0.545498	-0.1183	0.353425	0.1418	0.347443	0.440289	0.175695	0.206478	-0.0302714	0.0933955	0.664444	0.174559	0.275103	0.538401	0.433945	0.442833	0.287946	0.145055	0.0521311	-0.00904203	0.194388	0.602442	0.268924	0.560142	0.226052	0.491397	0.145935	0.557305	0.786845	0.342944	0.485495	0.40424	0.449692	0.385953	0.430259	0.568534	0.669783	0.486467	0.423043	0.595232	0.272127	0.206777	0.547124	0.675334	0.504395	0.476175	0.52874	0.54434	0.663882	0.443982	0.299359	-0.127729	0.50731	0.291173	0.570307	0.270263	0.370918	0.112197	0.599614	0.519334	0.315805	0.545894	0.548701	0.394812	0.460537	0.427791	0.315423	0.300594	0.398922	0.209277	0.379493	0.302182	0.182362	-0.0221611	0.459538	0.54375	0.374176	0.222069	0.599043	0.0655926	0.502258	0.142828	0.497114	0.682773	
0.406326	0.156572	0.384014	0.435635	0.177929	0.235066	-0.137786	0.05725	0.016315	0.333401	0.481472	0.414084	0.160505	1	0.328511	0.396753	0.0927936	-0.046429	0.17872	0.259169	0.194718	0.53325	0.550594	-0.0812588	0.0853336	0.388083	0.0643921	0.20698	0.339311	0.13795	0.114692	0.197625	0.335491	0.556508	0.0271676	0.362264	-0.428638	0.10622	-0.225767	0.192748	0.475489	0.28268	-0.105236	-0.359401	-0.134125	0.505492	0.50657	0.3847	0.473532	0.448084	0.202811	0.527692	0.46136	-0.0956293	-0.0678982	-0.0936288	-0.272175	0.175331	0.316306	0.232353	0.418102	0.191116	0.268816	0.266414	0.589773	0.212302	0.44358	0.12658	0.331925	0.261128	0.465514	0.504094	0.310486	0.281523	0.301479	0.135773	0.0317536	-0.0831202	0.42987	0.529204	0.395977	0.321596	0.231442	0.0734688	0.353298	0.248166	-0.252816	0.0174178	0.00202822	0.171187	-0.165753	0.313867	-0.0922585	0.487216	0.544659	0.39846	0.223635	0.449452	0.388862	0.493645	0.412663	0.523908	0.363913	0.667214	0.491974	0.255118	0.547512	0.549782	0.333071	0.414961	0.389917	0.443787	0.399986	0.551668	0.487154	0.357665	0.253329	0.466603	0.505341	
0.503516	0.51605	0.392463	0.81722	0.425599	0.241802	0.177204	0.565496	0.201001	0.551374	0.463379	0.743054	0.521784	0.328511	1	0.784496	0.644243	0.294612	0.660025	0.777957	0.798537	0.473008	0.406645	0.493595	0.597187	0.331027	0.492509	0.263046	0.108894	-0.246204	0.71698	0.414615	0.718136	0.0161836	0.407972	0.556077	-0.354402	0.428671	-0.0560744	-0.116993	0.0483151	0.214067	0.0308311	-0.330428	0.325144	0.294378	0.0162948	0.21379	0.205773	0.821353	0.192629	0.49625	0.693178	0.235475	0.114781	0.0192686	0.51909	0.472637	0.577691	0.389945	0.775763	0.399117	0.520665	0.436259	0.46113	0.637783	0.722583	0.701602	0.369132	0.812387	0.794111	0.51744	0.756891	0.714801	0.307655	0.153559	0.159735	0.136522	0.345123	0.613721	0.502476	0.661277	0.225251	0.225469	0.575298	-0.03426	-0.1269	0.369251	-0.0560243	0.595826	0.0596309	0.0176093	-0.294664	0.326992	0.440027	0.238849	0.119513	0.180181	0.457481	0.799537	0.0648924	0.454945	0.070652	0.430974	0.556439	0.022141	0.0990638	0.245925	0.0529015	0.42446	0.170932	0.383335	0.24787	0.524619	0.215879	0.274558	0.0189288	0.293718	0.467365	
0.472655	0.413261	0.19049	0.799543	0.399401	0.197077	0.255306	0.587617	0.362541	0.429154	0.47983	0.740818	0.429127	0.396753	0.784496	1	0.635147	0.525291	0.852577	0.791703	0.668224	0.477663	0.62692	0.519214	0.460793	0.360225	0.315954	0.414995	0.310903	-0.190084	0.784513	0.177386	0.542332	0.0260577	0.569784	0.746699	-0.23559	0.217933	-0.190578	-0.101351	0.112306	-0.0167787	-0.0531137	-0.652455	0.00152566	0.354458	-0.0787733	0.145173	0.283829	0.633263	0.164085	0.504917	0.548184	0.141867	0.0265126	0.0706747	0.461789	0.369162	0.553381	0.321955	0.531717	0.250584	0.493755	0.437734	0.325952	0.66272	0.787818	0.560509	0.552836	0.709259	0.723948	0.567403	0.664746	0.732988	0.337377	-0.0482939	-0.0674841	0.17747	0.401436	0.68624	0.340438	0.583664	0.0329775	0.301436	0.421497	0.0372277	-0.176121	0.42848	-0.154006	0.269878	-0.127551	0.0460322	-0.566505	0.441243	0.320922	0.0438198	0.212064	0.296133	0.342084	0.536684	0.235581	0.430488	0.119694	0.496336	0.411525	0.17257	0.107076	0.429403	0.261707	0.405896	0.286883	0.16975	0.186972	0.511223	0.168185	0.227197	0.200321	0.359577	0.365034	
0.301952	0.382431	-0.0739215	0.46134	0.474483	0.261152	0.239716	0.571568	0.412027	0.394288	0.437342	0.524134	0.671854	0.0927936	0.644243	0.635147	1	0.454758	0.744891	0.723469	0.717093	0.441658	0.351962	0.45686	0.402342	0.364307	0.379478	0.310862	0.131828	0.0195473	0.684082	0.136359	0.59301	0.0557662	0.177753	0.607719	-0.440433	0.472822	-0.271939	-0.120746	0.0560257	-0.272067	0.0212657	-0.418568	0.16842	0.325342	0.0142501	0.0624854	0.255678	0.350661	0.304839	0.226183	0.151984	0.162584	0.0586601	0.0392869	0.519259	0.272154	0.640411	0.399609	0.588076	0.0882626	0.409354	0.503912	0.320033	0.484782	0.450613	0.598667	0.432453	0.632891	0.594451	0.638963	0.727784	0.545785	0.419295	0.0408843	-0.150222	0.299354	0.403503	0.564381	0.249104	0.667967	0.217051	0.244337	0.313359	-0.00288231	-0.342804	0.124001	-0.176789	0.196141	-0.311309	-0.108894	-0.465637	0.455504	0.361327	0.104282	0.427301	0.300296	0.0994549	0.313368	0.00772447	0.443697	0.145543	0.372905	0.179495	0.050194	0.0770328	0.249543	0.0668286	0.280076	0.28998	0.245432	0.110913	0.388024	-0.169413	0.183733	0.272227	0.283776	0.425205	
0.00186303	0.0110586	-0.194429	0.214564	-0.100652	-0.253391	-0.0779905	0.853794	0.620733	0.312418	0.255168	0.495406	0.191438	-0.046429	0.294612	0.525291	0.454758	1	0.581842	0.680079	0.269621	0.249743	0.364267	0.616653	0.402876	0.239429	0.017165	0.406563	0.284856	0.282736	0.568692	0.108417	0.383523	0.218287	0.133578	0.343529	0.155041	0.381144	0.0346766	0.122792	0.156326	-0.0820966	0.471147	-0.136516	0.332732	0.0918808	-0.027709	-0.331644	0.117647	0.376271	-0.235655	0.156579	-0.05497	-0.167295	-0.336143	-0.302166	0.248983	0.477407	0.332306	0.302062	0.281842	0.0142667	0.350345	0.158839	0.0317105	0.000528143	0.0569264	0.545231	0.180997	0.527622	0.225818	0.18269	0.34756	0.269191	0.395877	0.0666677	-0.107813	0.365919	0.214264	0.53907	0.324955	0.415964	0.102266	0.334517	0.120344	0.325302	0.0539324	-0.139188	0.0935363	0.0928697	-0.181196	0.22698	-0.10848	0.356841	0.324727	-0.314235	-0.0681119	0.216071	0.0367537	0.0185984	0.0401999	0.20854	-0.0615325	0.209304	0.0830203	-0.00690609	-0.0330327	0.256189	0.224246	0.0317819	0.18665	-0.0783879	0.125057	0.0916325	-0.129983	0.194733	0.297056	0.190495	0.0553607	
0.444699	0.436353	-0.0666279	0.627268	0.417074	0.210919	0.361396	0.679713	0.544727	0.459536	0.50338	0.692433	0.467316	0.17872	0.660025	0.852577	0.744891	0.581842	1	0.772678	0.581658	0.40941	0.522728	0.548145	0.382541	0.327462	0.251572	0.337132	0.292039	-0.268289	0.669913	0.0836925	0.457978	0.0491135	0.459547	0.844036	-0.127682	0.281981	-0.129639	0.007435	0.0194141	-0.193384	0.147859	-0.590585	0.137392	0.327457	-0.0809203	0.13478	0.293521	0.408554	0.0159615	0.215728	0.214585	-0.0132362	-0.0145002	0.12749	0.57157	0.501123	0.782462	0.503596	0.41862	0.149505	0.374995	0.572539	0.0212752	0.527805	0.681179	0.710258	0.702537	0.693018	0.718913	0.44202	0.65131	0.665165	0.494041	-0.0253015	-0.0722384	0.0920102	0.367858	0.689492	0.1432	0.539273	-0.0848154	0.408561	0.344503	0.154271	-0.233385	0.369262	-0.0144954	0.190321	-0.195787	0.0844556	-0.531969	0.429407	0.275681	-0.0283286	0.203596	0.204936	-7.00886e-005	0.370048	0.292823	0.484543	0.136837	0.464381	0.335359	0.186709	0.0751645	0.293631	0.412286	0.467798	0.290682	0.0610193	0.236835	0.416592	0.153471	0.235436	0.272402	0.369324	0.353697	
0.325231	0.200469	-0.011365	0.515613	0.194698	-0.108463	-0.0434727	0.821963	0.568719	0.465188	0.34853	0.692489	0.469173	0.259169	0.777957	0.791703	0.723469	0.680079	0.772678	1	0.653794	0.445085	0.462632	0.661327	0.693107	0.333062	0.38006	0.514632	0.170073	0.0634195	0.754841	0.135468	0.67389	0.00918472	0.25586	0.565169	-0.159987	0.521601	-0.209007	-0.140251	0.0327893	-0.0684736	0.129795	-0.424437	0.37231	0.242227	-0.0858576	-0.0665988	0.0964702	0.612966	-0.0433617	0.272052	0.313329	-0.11428	-0.279448	-0.326596	0.507994	0.513983	0.611868	0.573724	0.589307	0.114152	0.35717	0.403976	0.268834	0.349087	0.495353	0.78514	0.399981	0.917348	0.660676	0.406736	0.78413	0.785967	0.46794	0.126808	0.0390338	0.182106	0.344295	0.756801	0.39356	0.749555	0.129341	0.278279	0.500548	0.0881042	-0.130275	0.0738064	-0.0528424	0.455406	-0.219617	-0.0477384	-0.323833	0.384498	0.434135	-0.0872574	0.00618765	0.142462	0.153164	0.515824	-0.018669	0.4924	-0.00751927	0.446723	0.385764	-0.13317	0.0902192	0.305917	0.200791	0.426761	0.104923	0.22621	0.227631	0.40371	0.221136	0.239499	0.0792172	0.305567	0.328872	
0.305248	0.330756	0.260377	0.569975	0.38421	0.360557	0.43022	0.401729	0.046997	0.576153	0.475334	0.602666	0.715345	0.194718	0.798537	0.668224	0.717093	0.269621	0.581658	0.653794	1	0.604409	0.253191	0.269601	0.552237	0.350224	0.759277	0.164123	0.306475	-0.16344	0.667385	0.452102	0.638735	0.00491045	0.46008	0.579805	-0.360321	0.610476	-0.0992795	-0.0820788	0.193388	0.0213123	0.0353187	-0.152457	0.342734	0.485689	0.121268	0.0894031	0.248592	0.593514	0.445957	0.440238	0.462026	0.378895	0.203127	0.117599	0.705692	0.393766	0.492218	0.175063	0.597919	0.379661	0.530468	0.475487	0.539292	0.732366	0.550487	0.594346	0.339242	0.670293	0.772089	0.629056	0.641604	0.703991	0.389849	0.168563	0.326343	0.390457	0.503253	0.429892	0.4556	0.718865	0.415632	0.208896	0.625045	-0.121124	-0.275466	0.44783	-0.107056	0.594621	0.0835073	-0.0263009	-0.223384	0.342134	0.352275	0.351004	0.373111	0.308873	0.412102	0.639357	0.150197	0.528218	0.188806	0.240552	0.506436	0.232025	0.0234081	0.223564	-0.163624	0.544229	0.353926	0.571966	0.113311	0.406383	0.145861	0.434466	0.170764	0.269951	0.580601	
0.379687	0.10315	0.184144	0.428623	0.476091	0.496813	0.368166	0.27406	0.0502748	0.636121	0.677372	0.711129	0.603857	0.53325	0.473008	0.477663	0.441658	0.249743	0.40941	0.445085	0.604409	1	0.559226	0.0287489	0.333959	0.458705	0.586255	0.267802	0.71724	0.0741257	0.377899	0.333248	0.393616	0.507094	0.354795	0.532427	-0.243503	0.49898	-0.068963	0.393627	0.763317	0.288023	0.0432379	-0.149529	0.173645	0.839739	0.384803	0.351541	0.665374	0.575117	0.542102	0.438137	0.429415	0.193515	0.152239	0.125815	0.15176	0.286129	0.409139	0.0477467	0.506489	0.384814	0.504741	0.45143	0.598755	0.472522	0.313935	0.399894	0.361613	0.253817	0.660706	0.786396	0.430694	0.34642	0.241317	0.129946	0.364508	0.478096	0.833246	0.405917	0.438449	0.404659	0.588853	0.266194	0.235542	0.267873	-0.224985	0.204507	-0.0594674	0.280675	0.0187853	0.362813	-0.0441009	0.61447	0.568461	0.359964	0.583161	0.722439	0.455972	0.497267	0.591133	0.475004	0.359913	0.422955	0.23534	0.417715	0.679665	0.496984	0.0986344	0.641701	0.723917	0.600601	0.237897	0.418044	0.146757	0.619975	0.232555	0.755056	0.848602	
0.399726	0.382656	0.037404	0.52599	0.310984	0.225466	-0.065232	0.421159	0.352756	0.396364	0.572399	0.724117	0.203498	0.550594	0.406645	0.62692	0.351962	0.364267	0.522728	0.462632	0.253191	0.559226	1	0.17908	0.108219	0.657155	0.104953	0.380059	0.322275	-0.0327726	0.429008	0.208014	0.540586	0.328501	0.148156	0.420276	-0.378345	0.0881962	-0.446307	0.160005	0.417934	0.108673	-0.174405	-0.54929	-0.132981	0.54457	0.367775	0.210794	0.478424	0.433578	-0.0282073	0.502783	0.327823	-0.108974	-0.00335396	-0.226051	-0.0321286	0.259873	0.353305	0.343083	0.566756	0.213519	0.368883	0.213926	0.328105	0.243617	0.382653	0.25108	0.30336	0.312518	0.533729	0.642823	0.317609	0.388398	0.148517	0.233577	0.147142	0.0709269	0.397839	0.504886	0.411708	0.359341	0.117512	0.0746994	0.0657335	0.193318	-0.250089	-0.07949	-0.350148	-0.114933	-0.483782	0.220899	-0.399209	0.436119	0.57486	-0.143814	0.24712	0.488275	0.29855	0.262854	0.414091	0.376489	0.488258	0.615759	0.132104	0.26377	0.507495	0.630406	0.380839	0.283458	0.466128	0.0310127	0.525921	0.463269	-0.0527027	0.143197	0.160941	0.629313	0.40452	
0.0831769	0.108292	-0.0603155	0.358857	0.0287023	-0.411378	-0.145651	0.708089	0.571599	-0.0876575	-0.126307	0.285227	0.318199	-0.0812588	0.493595	0.519214	0.45686	0.616653	0.548145	0.661327	0.269601	0.0287489	0.17908	1	0.514736	0.021494	-0.168513	0.474244	-0.0653803	-0.0835463	0.662392	-0.00214662	0.394523	0.0700423	0.0583855	0.411043	0.0161107	0.259092	0.0141001	0.0563867	-0.189683	0.0380411	0.309094	-0.185905	0.260087	0.0175381	-0.177735	-0.0366451	-0.0979915	0.401488	-0.326909	0.00591067	0.175753	-0.210383	-0.257929	-0.135846	0.356634	0.244441	0.436406	0.456308	0.42659	-0.142392	0.255625	0.233485	-0.0612302	0.120351	0.326304	0.475065	0.253614	0.644134	0.230368	0.0936544	0.520488	0.33618	0.295915	0.0830002	-0.175168	0.267868	-0.0594628	0.488387	0.25133	0.374121	-0.233499	0.392791	0.288751	0.349556	-0.0810968	0.137564	0.152369	0.30698	-0.0628795	0.173162	-0.0460592	0.294109	0.234241	-0.310158	-0.118352	-0.0842764	0.0607362	0.313942	-0.153691	-0.0288098	-0.119127	0.213772	0.219267	-0.22804	-0.242081	-0.0906022	0.307286	0.0714008	-0.12613	-0.217586	0.232067	0.229628	-0.0321819	-0.149598	-0.0772835	0.135375	-0.0537703	
-0.0720565	-0.244563	0.0434887	0.209151	-0.0608	-0.369284	0.0190725	0.470052	0.495812	0.118743	-0.00920708	0.377444	0.442228	0.0853336	0.597187	0.460793	0.402342	0.402876	0.382541	0.693107	0.552237	0.333959	0.108219	0.514736	1	0.0948126	0.425912	0.43095	0.188799	-0.214788	0.536015	-0.00348263	0.5363	-0.0726343	0.219714	0.397709	-0.0523002	0.492545	0.12757	-0.0228037	0.0301144	-0.0671556	0.0175696	-0.128236	0.323264	0.191017	-0.196716	0.0279309	0.0488953	0.505673	0.0293846	0.13397	0.423961	-0.236099	-0.491583	-0.163707	0.375898	0.249517	0.393638	0.493776	0.292649	0.109394	0.0786832	0.330371	0.21408	0.307706	0.383473	0.61171	0.341062	0.730856	0.377663	0.187089	0.38241	0.692878	0.21008	0.0635135	0.186108	0.471372	0.419617	0.437754	0.192559	0.529603	0.0701831	0.241468	0.468764	0.139623	-0.090036	0.196929	0.0381893	0.62791	0.150788	0.0264709	0.0323087	0.155798	0.235136	0.0464426	-0.0111432	-0.0120852	0.044672	0.428922	-0.00560783	0.287632	-0.21045	0.0553671	0.430542	-0.10546	-0.0415111	-0.159455	0.0173365	0.482626	0.0512883	0.153839	0.0400866	0.172968	0.367637	0.273308	-0.27046	0.122028	0.193836	
0.151594	0.110575	-0.120149	0.273563	0.135876	0.399161	-0.149952	0.28824	0.194565	0.422057	0.567831	0.569533	0.0658435	0.388083	0.331027	0.360225	0.364307	0.239429	0.327462	0.333062	0.350224	0.458705	0.657155	0.021494	0.0948126	1	0.306958	-0.0299818	0.166948	0.116285	0.136129	0.285138	0.709635	0.310132	-0.188719	0.379799	-0.70345	0.476039	-0.560335	-0.0567832	0.149308	-0.219112	-0.22909	-0.243548	0.0953528	0.358035	0.501768	0.165577	0.278185	0.198338	-0.0403837	0.177124	0.202368	-0.00621623	0.214306	-0.230211	-0.0709314	0.320541	0.352607	0.209612	0.497128	0.458268	0.308891	0.109614	0.342482	0.281771	0.255513	0.259668	0.207119	0.260599	0.547574	0.589337	0.413475	0.292791	0.0355198	0.411115	0.229293	-0.014227	0.128668	0.265738	0.392845	0.508183	0.00251293	-0.327937	0.180187	0.0421215	-0.649235	-0.255939	-0.499553	-0.160595	-0.642633	-0.0247242	-0.306417	0.158093	0.524927	-0.129277	0.141638	0.145427	0.040688	0.27638	0.101478	0.544219	0.427977	0.2856	0.2993	0.0767766	0.235502	0.266815	0.23337	0.237767	0.194049	0.360341	0.405991	0.177155	-0.0487484	0.0868634	0.087119	0.348723	0.266774	
0.264472	0.0549546	0.145135	0.171309	0.273355	0.426157	0.388661	0.124476	-0.224345	0.635481	0.411895	0.4894	0.505786	0.0643921	0.492509	0.315954	0.379478	0.017165	0.251572	0.38006	0.759277	0.586255	0.104953	-0.168513	0.425912	0.306958	1	-0.0597297	0.293033	-0.0418369	0.309882	0.230223	0.380011	-0.194703	0.454021	0.261258	-0.123365	0.546365	-0.0920475	-0.181033	0.172354	-0.0863046	-0.195217	-0.0452187	0.227864	0.351027	-0.0162153	0.0710702	0.107416	0.325975	0.400133	0.235414	0.319839	0.36261	0.228844	0.0362444	0.587205	0.350331	0.163012	-0.126915	0.272116	0.461344	0.269727	0.317142	0.366056	0.562581	0.202972	0.485681	0.0491402	0.325173	0.639425	0.394385	0.371169	0.570406	0.153908	0.141768	0.425507	0.246939	0.479972	0.0870058	0.250805	0.461028	0.451684	-0.0418863	0.351921	-0.352526	-0.131062	0.304554	-0.222758	0.419353	0.146807	-0.196837	-0.145565	-0.0042652	0.164441	0.284397	0.137623	0.137767	0.185704	0.479591	0.111491	0.496295	0.0676713	0.00696523	0.317115	0.116301	0.181811	0.0808217	-0.380533	0.537188	0.194036	0.61378	-0.0812178	0.164979	0.16728	0.438436	-0.0435171	0.182835	0.437455	
0.028223	-0.112921	-0.195655	0.205974	0.275423	-0.372491	0.0267595	0.431964	0.581187	-0.0608811	0.00412821	0.313717	0.457185	0.20698	0.263046	0.414995	0.310862	0.406563	0.337132	0.514632	0.164123	0.267802	0.380059	0.474244	0.43095	-0.0299818	-0.0597297	1	0.40475	0.219723	0.457203	-0.159828	0.0881823	0.076092	0.293315	0.231837	0.166551	-0.0861446	-0.112447	0.205824	0.333176	0.23125	0.044717	-0.286405	-0.139915	0.352766	-0.17859	-0.102279	0.426821	0.252237	0.0228554	0.0647638	-0.0157344	-0.488373	-0.475612	-0.167143	0.0826569	-0.106906	0.300226	0.500673	0.188817	-0.343507	0.212247	0.411382	-0.0102961	0.0587202	0.258696	0.0815251	0.38331	0.39707	0.122903	0.403476	0.378458	0.348064	0.279506	-0.0310429	0.087785	0.383666	0.395597	0.481982	0.276689	0.179888	0.194656	0.582122	0.00392365	0.406615	0.307211	0.13199	0.213618	0.221123	-0.00325744	0.311212	0.0108362	0.456926	0.438566	-0.361644	0.262608	0.321875	0.271204	0.0696057	0.216006	-0.170219	0.0891496	0.439373	-0.162407	0.047705	0.423962	0.426804	0.349279	0.127142	0.190251	-0.262203	0.234465	0.410185	0.0507486	0.126377	0.00479652	0.533211	0.29917	
0.157336	-0.184237	-0.00180935	0.181642	0.301313	0.264241	0.612424	0.182459	0.21931	0.427095	0.519856	0.444978	0.509581	0.339311	0.108894	0.310903	0.131828	0.284856	0.292039	0.170073	0.306475	0.71724	0.322275	-0.0653803	0.188799	0.166948	0.293033	0.40475	1	0.0918719	0.131489	0.165382	-0.0365508	0.543923	0.491195	0.518733	0.151072	0.0707239	0.256783	0.69103	0.80266	0.284581	0.236752	0.0242816	-0.087786	0.779159	0.239789	0.298191	0.801056	0.320701	0.431282	0.282978	0.0913393	-0.10435	-0.0959752	0.248376	0.0629739	0.183284	0.392733	0.0231498	0.0864175	0.334702	0.527874	0.602572	0.273817	0.376864	0.293322	0.122395	0.521284	0.00472813	0.384258	0.577674	0.158985	0.0973844	0.368549	0.131174	0.334352	0.550516	0.787029	0.381006	0.330651	0.197124	0.510017	0.597033	0.128883	0.575675	0.0270122	0.433643	0.377865	0.244661	0.302898	0.658337	0.213564	0.660616	0.45581	0.264064	0.591611	0.737288	0.405487	0.209322	0.829138	0.229908	0.410711	0.38917	0.0503422	0.694316	0.570279	0.455592	0.343209	0.487549	0.784022	0.363849	0.245019	0.447831	0.280096	0.787571	0.361989	0.708929	0.709782	
-0.11469	-0.242852	-0.154644	-0.271935	-0.104509	-0.0843153	-0.411633	0.199611	-0.0538229	0.137454	0.0662695	-0.0616771	-0.0662373	0.13795	-0.246204	-0.190084	0.0195473	0.282736	-0.268289	0.0634195	-0.16344	0.0741257	-0.0327726	-0.0835463	-0.214788	0.116285	-0.0418369	0.219723	0.0918719	1	-0.0781608	-0.0330269	-0.0770552	0.238723	-0.302548	-0.358209	0.0412186	0.131165	-0.244525	-0.0335691	0.21808	0.0319186	0.11323	0.155492	-0.0236864	-0.0777364	0.103436	-0.392033	0.0272139	-0.0822495	-0.0213091	-0.0269253	-0.362685	-0.0754764	-0.083294	-0.450839	-0.324568	-0.0218166	-0.244522	-0.191631	0.0340151	-0.115256	0.185539	-0.172304	0.194408	-0.369131	-0.472994	-0.148928	-0.393249	-0.119078	-0.203965	0.101968	0.177391	-0.309721	0.129176	0.0429684	-0.20437	0.0265439	-0.0589054	0.0719948	0.309227	0.0595672	0.406818	-0.0578483	-0.197518	0.0291215	0.215572	-0.515189	0.0383319	-0.198232	-0.254749	0.0195418	0.151262	0.1804	0.268616	-0.199991	-0.0683744	0.169161	0.138615	-0.173014	-0.2484	-0.0359303	0.030663	0.16563	-0.312015	-0.21068	0.260839	0.390575	-0.0906261	-0.329407	-0.0761231	0.150862	-0.0389652	0.0099981	-0.254763	0.0400566	0.343342	0.105566	-0.0100486	
0.378643	0.424362	0.0587509	0.607972	0.420812	-0.0105588	0.144758	0.67894	0.27323	0.345845	0.300076	0.552673	0.614068	0.114692	0.71698	0.784513	0.684082	0.568692	0.669913	0.754841	0.667385	0.377899	0.429008	0.662392	0.536015	0.136129	0.309882	0.457203	0.131489	-0.0781608	1	0.347167	0.572867	-0.00724069	0.400507	0.490621	-0.14083	0.396668	-0.0293173	-0.0777068	0.0970795	0.0712066	0.147337	-0.323886	0.174936	0.242737	-0.0405037	-0.0911019	0.186699	0.631791	0.117561	0.438971	0.352366	0.197105	0.0427713	-0.0560539	0.568926	0.384302	0.377591	0.238906	0.581705	0.103935	0.515219	0.318575	0.30044	0.362345	0.485294	0.580135	0.188517	0.691557	0.471163	0.465219	0.527851	0.559815	0.382436	0.0061082	-0.107823	0.292165	0.298459	0.605956	0.49304	0.553681	0.237986	0.433295	0.448303	-0.0300669	-0.0498396	0.322795	-0.0499147	0.412135	-9.04504e-005	0.0671839	-0.275159	0.458208	0.315078	-0.0228866	0.15967	0.312551	0.370499	0.420549	0.0414654	0.255376	0.00534854	0.297568	0.182779	0.0340066	-0.0376467	0.234513	-0.131648	0.228263	0.234482	0.0498822	0.0502285	0.379607	-0.155348	0.0451701	0.126593	0.241964	0.280087	
0.300385	0.490584	0.220166	0.439632	0.281348	0.363464	0.145918	0.268657	-0.249774	0.586268	0.557888	0.365885	0.265541	0.197625	0.414615	0.177386	0.136359	0.108417	0.0836925	0.135468	0.452102	0.333248	0.208014	-0.00214662	-0.00348263	0.285138	0.230223	-0.159828	0.165382	-0.0330269	0.347167	1	0.50015	0.391348	-0.00136801	0.102196	-0.316636	0.453678	0.21479	0.240285	0.368848	0.514032	0.463563	0.451603	0.534664	0.310576	0.661211	0.00328627	0.342065	0.596845	0.190418	0.462919	0.217314	0.387662	0.430863	-0.0701057	0.169065	0.524147	0.176115	-0.0482673	0.571639	0.523163	0.62351	0.0453485	0.492343	0.0875076	0.166189	0.252081	-0.138305	0.230758	0.31746	0.351509	0.121643	-0.009431	0.261781	0.434143	0.403801	-0.0275802	0.100442	0.273816	0.740935	0.387727	0.55561	0.15357	0.546478	0.0257061	-0.125081	0.100008	0.156764	0.46107	0.170834	0.286914	0.307073	0.362257	0.423929	0.360971	0.202389	0.443136	0.593252	0.421274	0.208916	0.308358	0.33589	0.14417	0.226114	0.290824	0.0195327	0.247923	-0.288141	0.128713	0.424864	0.479927	0.233244	0.219198	-0.0558666	0.279395	0.254923	0.175921	0.492461	
0.235492	0.296501	0.0717602	0.449827	0.0912131	0.0846014	-0.216937	0.580635	0.315978	0.463642	0.466353	0.618148	0.34666	0.335491	0.718136	0.542332	0.59301	0.383523	0.457978	0.67389	0.638735	0.393616	0.540586	0.394523	0.5363	0.709635	0.380011	0.0881823	-0.0365508	-0.0770552	0.572867	0.50015	1	0.203986	-0.144923	0.406886	-0.676608	0.669929	-0.287073	-0.118549	0.038105	-0.0706242	0.0129943	-0.153004	0.408386	0.275757	0.426359	0.110334	0.117439	0.596675	-0.0750744	0.395346	0.413314	0.0126812	-0.0207627	-0.392536	0.275737	0.532558	0.486465	0.456223	0.789427	0.425864	0.404867	0.199533	0.505602	0.2978	0.403389	0.632874	0.139522	0.73317	0.632157	0.499839	0.529778	0.581302	0.289224	0.491644	0.188654	0.0905953	0.172352	0.547031	0.597812	0.812264	0.141861	-0.0992464	0.606741	-0.000314277	-0.543994	-0.132974	-0.303999	0.374986	-0.385993	-0.044361	-0.169182	0.245538	0.559465	0.0823104	0.0227535	0.132621	0.205367	0.5624	-0.074807	0.623153	0.251917	0.326977	0.542305	-0.0693752	-0.025622	0.122757	0.00801467	0.32305	0.153625	0.390667	0.404302	0.334432	0.0664085	0.132163	-0.0229231	0.177936	0.298203	
0.180134	0.0211401	0.169683	0.145498	0.0492558	0.172361	0.0130629	0.217707	0.170468	0.304547	0.454401	0.254207	0.257533	0.556508	0.0161836	0.0260577	0.0557662	0.218287	0.0491135	0.00918472	0.00491045	0.507094	0.328501	0.0700423	-0.0726343	0.310132	-0.194703	0.076092	0.543923	0.238723	-0.00724069	0.391348	0.203986	1	-0.228771	0.304177	-0.236005	0.205801	0.183936	0.774851	0.686713	0.404715	0.467618	0.228383	0.108351	0.593491	0.763327	0.346258	0.631276	0.355879	0.111464	0.354119	0.0786753	-0.128563	-0.0482943	0.00441542	-0.336304	0.295085	0.364451	0.122095	0.399991	0.273838	0.485656	0.315705	0.455637	-0.0684437	0.0612985	0.0832936	0.214872	-0.0369095	0.19612	0.436787	0.0912089	-0.288679	0.415849	0.405616	0.0905861	0.27922	0.408706	0.432633	0.519107	0.208453	0.392685	0.36753	0.200514	0.752271	-0.25795	-0.0850661	0.402254	0.134232	0.00598003	0.78844	0.433214	0.710704	0.675035	0.361881	0.369596	0.659917	0.370656	0.226882	0.595447	0.330788	0.496125	0.494833	0.229585	0.508758	0.428642	0.333708	0.395278	0.187777	0.662559	0.380865	0.509118	0.418406	0.138111	0.505313	0.443505	0.538619	0.521696	
0.431112	0.207506	0.233195	0.458178	0.473064	0.31897	0.726175	0.0770655	-0.0648229	0.337371	0.270919	0.481925	0.425543	0.0271676	0.407972	0.569784	0.177753	0.133578	0.459547	0.25586	0.46008	0.354795	0.148156	0.0583855	0.219714	-0.188719	0.454021	0.293315	0.491195	-0.302548	0.400507	-0.00136801	-0.144923	-0.228771	1	0.404756	0.396937	-0.149578	0.283687	0.0249075	0.224486	0.230021	0.00210603	-0.308356	-0.145677	0.27364	-0.380959	0.126335	0.315381	0.342945	0.412921	0.262985	0.366541	0.287047	0.150181	0.531601	0.542202	0.125813	0.148687	-0.171529	-0.0217225	0.120539	0.282511	0.485172	-0.0218716	0.633419	0.491889	0.225425	0.38509	0.177422	0.428672	0.283353	0.206349	0.432935	0.139393	-0.263587	0.152209	0.292071	0.512014	0.165899	0.0439452	-0.00764933	0.198543	0.472044	0.0438398	-0.0248239	0.366765	0.762372	0.166295	0.263918	0.541465	0.15579	-0.262373	0.111568	-0.0125674	0.113929	0.216219	0.248377	0.336678	0.271824	0.431355	0.00535147	-0.132568	0.0972182	0.130022	0.33681	0.236911	0.208385	-0.03771	0.267738	0.270805	0.0755091	-0.202833	0.263086	0.158102	0.354496	0.00905433	0.222054	0.327678	
0.374541	0.191804	-0.0162005	0.547523	0.396969	0.301722	0.512007	0.42407	0.44806	0.369085	0.517062	0.560503	0.545498	0.362264	0.556077	0.746699	0.607719	0.343529	0.844036	0.565169	0.579805	0.532427	0.420276	0.411043	0.397709	0.379799	0.261258	0.231837	0.518733	-0.358209	0.490621	0.102196	0.406886	0.304177	0.404756	1	-0.284577	0.288635	-0.0160366	0.254507	0.181498	-0.17944	0.0826846	-0.459367	0.00353202	0.554049	0.117942	0.449073	0.474822	0.371831	0.199975	0.221295	0.312373	-0.0415511	0.0185626	0.316806	0.416898	0.394494	0.847541	0.407189	0.347235	0.335967	0.435603	0.706108	0.177133	0.661739	0.805553	0.559918	0.854007	0.52736	0.735924	0.55337	0.57049	0.557967	0.491873	0.0713428	-0.0138872	0.217953	0.492514	0.653617	0.158454	0.555963	-0.0767811	0.439601	0.489684	0.351644	-0.500289	0.556602	0.0947739	0.271933	-0.0659181	0.278366	-0.324282	0.567336	0.317336	0.245881	0.41718	0.319947	0.058461	0.483854	0.520812	0.562586	0.299501	0.462304	0.476702	0.41411	0.111801	0.170234	0.504177	0.654827	0.464824	0.295787	0.297246	0.509367	0.379267	0.421119	0.266309	0.459538	0.49984	
