1	0.0711432	-0.0185769	0.157477	-0.0805722	-0.13007	-0.0546336	0.0226397	0.0139443	0.0617878	0.0865696	-0.126215	-0.0738857	0.265729	0.124755	0.150107	0.0424755	0.0512227	-0.132893	0.0874603	-0.066536	-0.106327	0.0992855	0.123874	-0.0688327	-0.174927	-0.140168	0.135066	-0.11575	-0.179567	0.0326555	-0.124135	0.0273787	-0.0996126	0.0360796	0.202679	-0.15309	0.235218	-0.109976	0.159972	-0.0634204	0.0467935	-0.0680986	0.159047	0.0733131	-0.0657554	-0.00621512	-0.168635	0.0468047	0.042984	-0.142829	0.027098	0.23764	0.126185	0.0168032	0.190037	0.196658	0.0752736	-0.0012421	-0.179363	0.179295	-0.0486304	-0.040989	0.0135723	0.133658	0.145523	0.0312312	0.147757	0.0512901	-0.0663874	0.0549342	-0.0280425	0.0726583	0.0611899	0.0205259	0.128243	-0.0148722	0.17035	0.0637488	0.126564	-0.0255798	0.10145	0.0605156	0.120197	0.120619	0.0843845	-0.03062	-0.0634449	0.0297022	-0.0235565	-0.0154972	-0.0428682	0.015953	0.07444	-0.0547561	-0.0592383	0.0208725	-0.0972953	0.131194	0.00528647	0.0109525	-0.0784863	0.240806	0.0430191	0.158553	0.0197511	-0.198436	0.0184769	0.0784618	0.0894881	0.140947	-0.115326	0.112433	-0.0218671	0.106387	0.00251235	-0.278429	-0.116069	-0.0112835	
0.0711432	1	0.0252011	0.187282	-0.142823	-0.0998751	0.0459069	-0.0597374	0.0109411	0.110435	-0.0653196	0.121806	-0.0551331	0.0966342	0.116262	0.134313	0.0512316	-0.182655	0.0857334	0.0711552	-0.0255375	0.0713594	0.125029	-0.0714135	-0.00964196	0.0331874	0.192771	0.030906	-0.167221	-0.0772722	0.0522478	-0.00872743	-0.0738017	0.127934	-0.0173841	0.00409473	0.000811694	-0.0962515	0.00198406	-0.0513864	-0.226673	-0.121712	-0.0645397	0.0107585	0.0138205	-0.0952038	0.00194452	0.048508	0.110825	0.107	-0.151635	0.126225	0.0342673	-0.137514	0.10044	0.271978	-0.117193	0.079465	0.145233	-0.107638	0.0151175	0.014529	0.147352	-0.186251	0.130409	-0.0251637	-0.0867674	0.0967564	0.104315	0.0736582	-0.094548	0.248846	-0.124486	0.147277	-0.012801	-0.0309448	-0.00571983	0.0922643	0.1155	-0.110994	0.0369583	0.101672	0.177316	-0.18998	0.0880091	-0.0198859	1.94281e-005	0.0536917	0.0048416	-0.0105072	0.132074	0.0670922	-0.161518	-0.0139901	0.0440357	-0.0621546	-0.139877	0.00952651	0.0673219	0.00278556	0.0130949	-0.0265371	0.160919	0.238149	0.100006	-0.0947647	0.00986914	-0.0174539	0.0580509	0.0491528	0.0308825	0.0347985	0.229745	0.0125648	0.135763	-0.0912049	-0.084771	0.123832	-0.0805524	
-0.0185769	0.0252011	1	-0.175634	0.106547	-0.00586931	0.141909	0.0781642	-0.0366351	0.171566	0.050891	-0.16175	0.0649198	0.06075	0.0559242	-0.204584	-0.0617445	-0.110063	0.0472767	0.140225	0.100447	-0.0336107	-0.012979	0.0401857	0.0904375	-0.0933438	0.00307577	-0.00272712	-0.134015	-0.0529925	-0.0312048	-0.0694643	0.105863	0.224501	0.125698	-0.0704739	-0.0407128	-0.126343	0.0148107	0.132362	-0.145625	0.0842953	-0.0429172	-0.140405	0.113127	0.0418487	-0.09651	0.117252	-0.090617	0.0671121	0.154966	-0.0882405	0.095539	0.129933	-0.0815759	-0.0335584	-0.1286	-0.0289355	0.0154604	-0.0469919	0.118754	0.0217104	0.135911	0.0883971	0.0849949	-0.0343497	-0.0674734	-0.151617	0.00292792	-0.0507333	0.0688433	0.0911606	-0.140867	-0.152242	-0.0402738	-0.176987	0.0713128	0.00885053	-0.0359756	-0.0178911	0.174916	0.0474007	0.0870231	-0.0369753	0.0365902	0.0561739	-0.00267131	0.00812837	-0.207119	0.0624001	-0.126318	0.0238136	-0.0871695	-0.0259201	0.0554809	-0.0310198	-0.0643145	0.075127	0.0462714	0.0866105	0.0124249	0.140217	-0.074241	-0.0801991	-0.106108	-0.0551851	-0.017736	-0.0472774	0.0624196	-0.125271	-0.0278203	0.0845966	0.115617	-0.19444	0.120631	0.0893919	0.135027	0.15895	0.0202005	
0.157477	0.187282	-0.175634	1	0.0543009	-0.146079	-0.0870133	-0.0507966	-0.00602396	-0.0272244	0.14544	0.0536429	-0.00182792	0.0825729	5.91842e-005	0.177287	0.0607595	-0.0953935	-0.0395536	0.0665662	0.0508653	-0.0035663	0.0328248	0.0734922	-0.000947376	-0.0253891	-0.133135	0.217702	-0.178096	0.0354401	0.0347586	0.065734	0.0561588	0.0707107	0.0052067	0.222476	0.109583	0.041925	0.0424261	-0.0513685	0.0909927	-0.0325553	0.181073	0.133952	0.0654797	-0.124862	0.173	-0.0493153	-0.0514242	0.0431886	-0.21424	0.0324965	-0.0804813	0.0612573	0.160751	0.0738921	-0.0465555	0.0718262	0.0607017	-0.074063	0.0570915	-0.0381158	-0.126443	-0.0384393	0.0314791	-0.0307992	0.106518	0.13997	0.123698	-0.0641414	0.052522	0.150367	-0.117773	-0.0575639	-0.051765	0.107004	-0.0358952	-0.0120878	-0.00107367	0.109995	0.0990963	0.0962065	0.000803471	0.0615093	-0.104013	-0.00159593	-0.0261681	0.0154817	0.0755828	-0.0231005	0.0036911	0.0634832	0.0650301	0.111988	0.0185054	0.0601849	-0.0207185	-0.0141937	0.192353	0.0995033	0.0190427	0.0625142	0.0586185	0.106671	-0.0646673	0.0265917	-0.0268562	0.139856	0.0737836	0.0773701	0.061975	-0.0781404	0.0138237	0.0928197	0.180199	-0.0691392	-0.0436965	0.00143361	-0.0476763	
-0.0805722	-0.142823	0.106547	0.0543009	1	0.0781314	0.0248824	-0.197485	0.0304733	-0.0696324	0.0660738	-0.0589155	0.00100381	-0.0317414	-0.0818918	0.16494	0.14325	0.0392548	0.0665815	-0.0264543	0.069735	-0.181567	-0.0830181	-0.00688088	-0.0721967	-0.0575019	0.111312	0.0179141	-0.0855088	0.0152763	-0.103433	0.0748431	0.110901	0.106763	-0.0340129	0.127555	-0.0121985	-0.122589	0.121178	0.0528601	-0.11643	0.012278	-0.0924655	-0.0162753	0.28562	0.0861006	0.0669549	-0.0663233	-0.209044	0.0420728	-0.0167471	-0.135436	-0.0764653	-0.0512912	0.0272504	0.0424656	-0.0879811	-0.00395507	0.0825646	0.049887	0.0959701	0.0246219	-0.163252	0.101065	-0.119404	0.029137	0.140501	-0.136265	0.0508054	-0.154146	0.0393258	-0.043657	-0.0135815	-0.00258802	-0.0109152	-0.0912142	0.0091761	-0.0833868	0.0806335	0.00858155	0.0688322	0.050503	0.180625	0.0593545	-0.0411996	0.0335022	0.0754133	0.134438	0.0377118	0.241719	0.00371165	0.0175322	0.11185	0.0904036	-0.0329948	-0.00341079	0.037617	-0.104402	-0.0761348	0.0650837	-0.0454651	-0.0905917	-0.033263	-0.0445654	-0.0721561	0.082036	-0.0240042	0.0391374	0.0606229	-0.0165624	-0.167864	0.131087	-0.0907513	-0.162726	0.0584004	-0.0159794	0.164991	0.0482907	-0.143995	
-0.13007	-0.0998751	-0.00586931	-0.146079	0.0781314	1	-0.150073	-0.0823303	-0.0731783	0.110417	-0.0948377	0.0599103	-0.00907904	0.0216436	-0.107166	-0.00640179	-0.0136777	0.116256	-0.0551475	-0.0389572	0.104693	0.110614	-0.0849118	0.121817	0.0543398	-0.00355994	-0.00593753	-0.0829273	0.125169	0.155003	-0.0665721	-0.136553	-0.0268939	-0.0463	0.122309	0.00863871	0.231825	-0.0316019	-0.111335	0.0106793	-0.168007	-0.187488	-0.0579847	-0.0390212	0.0842586	-0.0471176	0.0804487	0.148087	0.0127623	0.0645285	0.213941	-0.13767	-0.0349297	0.0609443	0.0372721	0.00475013	-0.0454774	-0.0630096	-0.00712423	-0.0241659	-0.0449361	0.050007	0.000705246	0.089949	0.0917772	-0.0918353	-0.09743	-0.160328	-0.174904	-0.104812	-0.104545	0.0837303	0.0975156	-0.0854204	-0.0958455	0.14187	-0.00259071	0.0625288	0.140974	-0.0675449	0.0699653	0.00354024	-0.108207	-0.0277233	-0.0131724	-0.051827	-0.05866	-0.0427737	-0.117879	0.080758	-0.0841283	0.0497867	0.0337268	-0.062447	-0.00595994	0.067956	0.0100061	0.087415	-0.198233	-0.0752083	0.00158101	-0.0403202	-0.177558	0.0011233	-0.00426393	0.0927578	-0.0319706	-0.343973	-0.185476	0.0197889	-0.163675	-0.234938	-0.033636	-0.167397	-0.131427	0.0722503	0.134152	0.143954	0.113015	
-0.0546336	0.0459069	0.141909	-0.0870133	0.0248824	-0.150073	1	0.144683	-0.0130914	0.114095	-0.122325	-0.193104	-0.00247936	0.16989	-0.0772723	-0.181321	-0.0587999	-0.227815	0.107592	-0.168216	0.0206423	-0.216574	0.0457626	-0.11374	-0.190441	-0.0794784	0.140223	0.00931459	-0.0706166	0.200196	0.154532	0.107173	-0.00667889	0.0247139	-0.0303927	-0.112385	0.128459	-0.0622826	0.195213	-0.087571	-0.0293639	0.176329	0.0537176	-0.130319	-0.0839388	0.0183099	0.0899705	0.0144535	0.0837807	-0.0813788	0.122428	0.068749	0.0531251	0.020471	-0.188082	-0.0498468	-0.0858379	-0.06486	-0.0358642	-0.0981219	-0.061952	-0.0013599	0.092463	0.0751107	-0.0643113	-0.00452658	-0.111233	-0.109387	0.000697137	-0.0235451	0.240146	0.0359665	-0.0166392	-0.0420208	0.0136832	-0.112095	-0.0715342	0.0194656	-0.00588982	-0.0404084	-0.0214053	0.0179335	0.00456952	-0.113596	0.105247	-0.0451336	0.0154397	0.1688	0.00317382	-0.0117331	0.0827133	0.0764817	0.101011	0.08486	0.0593616	0.198499	0.0327245	0.182861	0.0815053	-0.0499621	0.0187388	0.111507	0.182895	-0.163152	-0.0604894	-0.196049	-0.123968	-0.031076	-0.0455692	-0.122189	0.0574582	0.267	-0.00616476	-0.0291079	-0.174681	0.0472306	-0.0371105	-0.101534	-0.254744	
0.0226397	-0.0597374	0.0781642	-0.0507966	-0.197485	-0.0823303	0.144683	1	0.0360343	0.133952	0.155792	-0.0707228	0.210117	0.0979131	0.19561	-0.173126	0.0473986	0.0266245	-0.103309	-0.0603542	0.102576	0.00629668	0.106435	-0.108876	-0.0637622	0.0036901	-0.0862862	0.0447721	0.0850934	0.144427	-0.11146	-0.0898487	-0.10327	0.0268204	-0.0974465	0.0914586	0.00796882	0.255037	-0.109915	0.138829	0.0783594	0.0510347	0.0336093	0.0136719	-0.0770248	0.0226878	0.114981	-0.0242251	-0.0288251	0.0317732	-0.101455	0.141928	0.107374	-0.2208	0.0786121	0.0652805	0.0352878	-0.137168	-0.0685224	0.0210153	0.0642498	-0.175338	0.0240109	0.0893531	0.0699441	0.0905242	0.138886	-0.0221185	0.130927	0.103234	0.103167	-0.125851	0.150871	0.00665582	0.00859067	0.112985	0.12414	-0.0141779	-0.130019	0.117151	-0.194816	0.0781645	-0.0326837	0.0334878	0.117383	0.0482791	-0.192628	-0.0161323	-0.00177083	0.0307704	-0.128516	-0.0917124	0.158988	0.0576004	-0.0359553	0.00378202	0.00152102	0.0428185	0.285844	-0.120798	0.158676	0.151829	-0.0741391	0.0591801	-0.0320394	-0.00274136	-0.0372374	0.0137528	-0.0502294	-0.170182	0.188878	0.0118771	0.161973	-0.0835201	0.00186282	0.0774433	0.011093	0.00862744	0.0726241	
0.0139443	0.0109411	-0.0366351	-0.00602396	0.0304733	-0.0731783	-0.0130914	0.0360343	1	0.149262	0.204808	0.076404	-0.100901	0.160867	-0.0168499	0.0171101	0.14187	-0.0673385	0.0976877	0.0461566	0.211378	0.0521483	0.192916	0.196238	0.0540416	0.0578679	-0.0752529	-0.0331244	0.0190291	-0.00358336	-0.304648	-0.0860436	-0.123953	0.103447	0.123952	0.101583	-0.180585	0.115513	0.0644396	0.0867666	0.00189382	0.0743571	-0.069431	0.0395806	0.0383396	0.0861937	-0.156504	-0.161345	0.161588	-0.0288103	0.048139	-0.0949057	0.000532732	0.0464969	0.0424745	0.253931	-0.0453364	-0.0703116	0.214898	0.144432	0.0102156	-0.112124	-0.0643731	0.118331	-0.00627768	0.0150712	-0.13533	0.00627951	0.0199046	0.0106242	0.0623658	-0.169859	-0.137867	0.0821132	0.0687053	-0.0903506	0.166097	-0.266071	0.0223162	0.0879284	0.0581636	-0.0980432	0.0593269	0.0911793	0.0479779	-0.0429408	-0.0636967	0.0368036	0.0973981	0.0275995	0.154816	0.152712	0.0275284	-0.0463232	-0.132844	0.21347	0.0692342	0.0519253	0.00109984	0.0280481	-0.00362711	0.0507538	0.162694	0.0468084	0.080907	0.0120204	-0.132557	-0.0110265	-0.0671784	-0.0529978	0.000751919	0.0543208	0.115092	-0.0437138	-0.109365	-0.25113	0.108884	-0.0376652	-0.0556174	
0.0617878	0.110435	0.171566	-0.0272244	-0.0696324	0.110417	0.114095	0.133952	0.149262	1	-0.14907	-0.0069256	0.0944147	0.0470326	0.305959	-0.0126187	-0.21634	-0.0993287	-0.0381068	0.0785919	-0.030318	0.0501853	0.0246035	0.137851	-0.0983432	-0.0105995	0.0695995	0.087134	-0.0112167	0.0462337	-0.04087	0.00587362	-0.148717	0.0416732	0.0850917	0.0365275	0.00314923	0.0113085	0.0779984	0.107463	-0.0542151	-0.0590583	-0.0458617	-0.0702075	0.139484	0.0283256	0.113076	0.0120051	0.0237678	0.169958	0.133249	0.0503778	-0.0717731	-0.0546873	-0.0659887	0.254362	0.0454918	0.0435015	-0.138926	-0.1635	-0.066563	0.0967422	0.158864	0.0244292	-0.130258	0.0661467	0.0187102	-0.091024	0.0755226	-0.0182789	0.0781769	-0.177956	-0.0999718	-0.0508171	-0.0972791	-0.125603	0.0660733	0.109561	-0.0302934	0.019681	0.0514053	0.145482	0.0707325	-0.188543	-0.0259281	-0.0898221	0.0511503	-0.0617621	0.0812005	-0.0853441	0.0897941	0.0969931	-0.0770142	0.0604377	0.147231	0.0266877	-0.0331771	-0.0875792	0.115327	0.0958481	0.14912	0.0642965	0.108795	-0.0263103	-0.0394107	-0.00700254	-0.12435	-0.0564607	0.00831555	-0.12231	-0.15179	-0.0617186	0.149102	-0.0633104	0.0524964	0.0455167	-0.0682164	-0.0531441	-0.166678	
0.0865696	-0.0653196	0.050891	0.14544	0.0660738	-0.0948377	-0.122325	0.155792	0.204808	-0.14907	1	0.0504332	-0.0134189	0.124248	-0.0717226	0.0925491	0.126058	0.0291938	-0.156914	0.131641	0.119426	-0.0496532	-0.036055	-0.00833556	0.165461	-0.0794162	-0.183897	0.160592	-0.036851	-0.0410177	-0.167857	-0.113451	0.111497	-0.0144627	-0.1188	0.249307	0.0181325	0.108655	-0.0596329	0.0752752	0.069964	-0.0420647	-0.00445363	-0.0526955	-0.0151287	0.118019	-0.0317166	0.116765	-0.116416	-0.17505	-0.167432	-0.0600265	0.0233417	-0.153448	0.136488	-0.03655	-0.0370877	0.1692	0.175868	-0.0254078	0.052997	0.0452588	-0.0498775	0.107037	-0.0285431	0.14055	0.244303	0.0698119	0.0756147	-0.152723	0.138584	-0.091778	-0.0476651	-0.0213543	-0.00556337	-0.0204832	0.165929	-0.125874	-0.00346449	-0.0336097	-0.129465	0.0477052	-0.0906385	0.222794	0.0924386	0.0627375	-0.185223	0.0528913	0.0551604	-0.0907244	0.0542506	-0.104614	0.131053	0.0544778	0.0182549	0.0842624	0.236907	-0.152025	-0.0718928	-0.0309483	0.186813	-0.00389309	0.0643149	0.123956	0.0955038	-0.0821094	-0.103348	0.0244247	-0.00632559	-0.131883	0.110593	-0.0835008	0.194565	-0.110512	0.0164331	0.0157649	0.0699798	-0.0587679	-0.0828779	
-0.126215	0.121806	-0.16175	0.0536429	-0.0589155	0.0599103	-0.193104	-0.0707228	0.076404	-0.0069256	0.0504332	1	-0.257346	-0.13712	-0.0975804	-0.0213368	0.0287825	0.02591	0.0674215	0.124106	-0.015005	0.163749	0.0745967	0.109511	0.0442813	0.0497229	0.0556367	0.0286362	-0.0760652	0.0969511	-0.0696116	-0.0367138	-0.118758	-0.0975676	0.118207	-0.206011	0.0784276	0.0326208	-0.138861	-0.00195195	-0.0251756	-0.0442972	0.035166	0.0258577	0.0338306	0.0219224	-0.0594845	-0.0693686	-0.0387977	-0.195994	-0.0268173	-0.204378	-0.0156089	-0.0428676	0.142525	-0.0275386	0.0209245	0.0405343	0.0771203	0.0835151	0.042549	-0.133525	-0.0531088	0.0127282	0.134333	0.0048082	-0.0286483	-0.0100396	0.166747	-0.147752	-0.089094	0.00353582	-0.0217472	0.166922	-0.191758	0.0997109	0.0872372	0.0614172	0.243401	-0.239989	-0.0229257	-0.0727777	0.03475	-0.0491563	-0.08016	0.17292	0.0294877	-0.152118	-0.0688263	0.0609243	0.0165188	-0.0330922	0.126706	0.105772	0.100674	-0.0138575	-0.0445299	-0.0260758	-0.0234576	-0.0709799	-0.0197937	0.044672	0.031097	0.0456325	0.196055	-0.00322268	-0.0567375	-0.0470166	0.0898073	0.112402	-0.0386776	0.0449372	0.0285814	0.12351	0.113024	-0.191288	0.143952	0.147313	-0.0162545	
-0.0738857	-0.0551331	0.0649198	-0.00182792	0.00100381	-0.00907904	-0.00247936	0.210117	-0.100901	0.0944147	-0.0134189	-0.257346	1	0.147693	-0.0207797	0.0241922	0.016784	-0.0424669	-0.120002	0.011389	0.18472	0.000711422	-0.148863	0.15351	-0.140923	0.0817318	-0.0750768	0.0703557	0.00435821	-0.093141	0.0407827	-0.0170793	0.022955	-0.0982431	-0.0716374	0.0155707	-0.215193	0.0279801	-0.0369401	-0.0172601	0.0755843	0.0148138	0.0310153	0.0213239	0.0755402	-0.033859	0.053663	0.0461932	0.0637539	0.0401383	-0.0528385	0.0301417	-0.034578	0.0811187	-0.0698732	0.068186	0.000628344	0.165822	0.0714129	-0.0167695	-0.0359237	-0.0546782	0.0388529	0.0165402	-0.071629	0.0294514	-0.034388	0.0810622	0.186091	0.218933	0.0483705	0.0507656	0.148162	0.138956	0.00700353	-0.0202613	0.161316	0.0342334	-0.164744	0.128884	0.0085999	0.123894	0.0611089	0.194544	0.115341	-0.0679855	-0.0538135	0.0795637	0.208805	-0.0995335	-0.0618531	-0.115159	0.0310984	0.0128895	-0.0635182	-0.172289	-0.0587315	-0.00907111	0.0616992	0.102617	0.0519288	0.0538061	-0.170597	0.0804714	-0.104273	0.0654816	0.0957322	0.0329684	0.0516045	-0.0683232	0.163349	0.0351426	-0.133751	0.0377129	0.0218271	0.0203014	0.00112127	0.0482638	0.0115648	
0.265729	0.0966342	0.06075	0.0825729	-0.0317414	0.0216436	0.16989	0.0979131	0.160867	0.0470326	0.124248	-0.13712	0.147693	1	0.143346	0.103571	0.124492	0.0664489	-0.0645036	-0.116682	0.0982878	-0.173563	-0.0647204	0.0505936	0.0455894	-0.268281	-0.242531	0.00733503	-0.169267	-0.23785	0.13275	-0.165857	0.0793123	-0.183535	-0.0521289	-0.0161036	0.106427	0.250105	0.00423632	-0.0338673	0.0802793	0.137241	0.124859	0.0870688	0.253377	0.0234838	-0.0182396	0.131627	0.131653	0.163246	-0.0779347	0.0526383	0.04365	-0.0113068	-0.0169439	0.0353494	0.136649	0.0138725	0.108311	0.0382781	0.185565	-0.0478555	-0.0372348	0.173494	0.0749798	0.124281	-0.0541208	0.154915	0.0823027	-0.123956	0.207149	0.0230784	0.105465	0.126621	0.144971	0.154832	0.246098	-0.0243497	-0.0992152	0.324671	0.0511944	0.136454	-0.0628031	0.270255	0.165323	0.0482339	-0.143323	-0.0133672	0.0313094	-0.0427447	0.152918	-0.0582158	0.116808	0.0647233	-0.03353	-0.104918	0.0675447	-0.145547	0.0568563	0.0996462	0.0714902	0.0569334	0.116714	0.0673302	0.114345	-0.188023	-0.0383776	0.208111	0.048363	0.035337	-0.093951	-0.119054	0.0802754	-0.196405	0.00257639	0.120641	-0.0143373	-0.0726848	-0.106454	
0.124755	0.116262	0.0559242	5.91842e-005	-0.0818918	-0.107166	-0.0772723	0.19561	-0.0168499	0.305959	-0.0717226	-0.0975804	-0.0207797	0.143346	1	-0.115461	0.107987	0.0110149	-0.188841	0.0354142	0.0610833	-0.0275933	0.115736	-0.0208536	0.0856469	-0.00679792	0.137671	-0.0700985	-0.0887437	-0.0572465	0.0322041	-0.0689021	-0.126215	0.00455768	-0.0857857	0.158505	-0.0139561	0.120488	0.0808898	0.0634157	-0.156881	0.129953	-0.019736	0.0499092	-0.10094	0.22676	-0.0775183	0.00728942	0.0435665	0.25321	-0.0153734	0.0725142	-0.00235982	-0.0687718	-0.000535404	0.0729596	0.163786	-0.015301	-0.252093	0.0136411	0.069086	-0.0252143	0.115128	-0.0736846	0.0676511	0.0777059	0.0491812	-0.0628878	-0.00969661	-0.0424471	0.0281425	-0.0867128	-0.0398842	0.0296602	-0.00750018	-0.0170087	0.12086	0.0274503	0.0425679	0.0378568	0.00827341	0.0552522	-0.0642856	-0.221	0.0688468	0.113469	0.0982176	-0.202618	-0.033904	-0.00939789	-0.0121238	0.109108	-0.0959191	-0.00709075	0.00176835	-0.238555	0.0325729	-0.0789064	0.282956	0.180101	0.0207878	0.00862897	0.0119903	0.0856129	-0.0181175	-0.0502817	-0.00346529	0.162108	0.00699823	0.00837151	-0.0972482	-0.035717	0.201416	0.0904458	0.102016	0.129199	-0.0637222	-0.038758	-0.0204426	
0.150107	0.134313	-0.204584	0.177287	0.16494	-0.00640179	-0.181321	-0.173126	0.0171101	-0.0126187	0.0925491	-0.0213368	0.0241922	0.103571	-0.115461	1	-0.00346785	-0.0128396	-0.00418203	-0.0332383	-0.00216763	-0.122827	-0.064737	-0.00278326	-0.0131766	-0.0847714	-0.148331	0.0568011	-0.00662545	0.0272195	-0.0959966	-0.048043	0.139443	-0.0867998	0.198294	0.0298537	-0.215913	0.00607283	0.0134813	-0.0658528	0.124952	0.0756771	0.127608	0.239733	0.0259478	-0.172339	0.0372333	-0.0453345	-0.0379498	0.0214446	-0.228959	0.00923831	-0.0865586	-0.0801875	0.108992	0.112637	0.106979	0.116951	0.223088	-0.0196826	0.0695788	-0.0893378	-0.0410918	-0.0449839	-0.0529898	0.0383269	-0.0109454	0.0844728	0.0140727	-0.0862918	0.0167932	-0.0710815	-0.0549234	-0.00495319	0.0500485	0.0208425	-0.0608451	0.0693424	-0.139732	0.215643	0.0122045	0.0613691	0.180521	0.195762	0.0701955	0.103013	-0.18941	-0.106558	0.0059951	0.0471795	-0.132697	-0.0338209	-0.00662603	0.116114	0.0942427	-0.005437	-0.229531	-0.161984	0.0638125	-0.0358087	0.045619	0.0592704	-0.00952615	-0.0607692	0.15319	0.0358859	0.0640325	0.277446	0.152301	-0.0823762	-0.0589491	-0.20445	0.00565182	-0.0976132	0.0535299	-0.107085	-0.0754348	0.118364	0.000742209	
0.0424755	0.0512316	-0.0617445	0.0607595	0.14325	-0.0136777	-0.0587999	0.0473986	0.14187	-0.21634	0.126058	0.0287825	0.016784	0.124492	0.107987	-0.00346785	1	-0.0400105	-0.0536763	0.0765173	0.146275	0.059449	-0.0246165	0.0379876	0.0787352	0.000200103	-0.0381762	0.115468	-0.135825	-0.182361	0.0876637	-0.0307536	-0.0169361	0.0212375	-0.0291122	0.144623	-0.209211	-0.00415884	0.0135567	-0.0881946	-0.0554706	0.0300559	-0.0382504	0.252752	0.0688628	0.165046	0.0132477	0.0278131	0.070306	0.0763762	-0.287574	-0.0157448	-0.175721	-0.12768	0.0889321	0.144181	-0.083828	0.105187	0.0902367	0.064841	0.242441	-0.0779408	-0.00828349	-0.0878634	0.0981848	-0.000506841	0.0819255	0.0541309	-0.0433786	0.00769284	0.104169	0.138876	-0.00797631	0.177962	0.0851734	-0.0493258	0.117511	-0.0345925	0.0587359	0.0604576	0.0593688	0.0833741	-0.105522	0.156606	0.0675649	-0.0231307	-0.0239108	-0.109248	-0.0512933	0.220272	0.0563424	0.0897383	0.00956751	-0.00612152	-0.0368592	-0.0235883	0.075908	0.00488859	0.0180614	0.151085	0.0786818	0.0920082	-0.0512311	0.161403	0.0853727	0.0845176	-0.0131169	0.0938594	-0.10115	0.133429	-0.0167771	-0.0214471	0.0617425	-0.0767517	0.0921581	-0.25159	0.151942	-0.124917	0.201414	
0.0512227	-0.182655	-0.110063	-0.0953935	0.0392548	0.116256	-0.227815	0.0266245	-0.0673385	-0.0993287	0.0291938	0.02591	-0.0424669	0.0664489	0.0110149	-0.0128396	-0.0400105	1	-0.0597389	-0.0470963	0.0225854	0.110278	0.0144183	-0.0155975	0.154363	0.0295613	-0.0790817	-0.0545018	-0.0561219	0.149364	-0.187916	-0.0754813	0.0798812	-0.0404131	0.0435168	-0.0246226	0.0642424	0.0827701	-0.0859316	-0.0261321	0.127933	0.0546607	-0.0485975	0.0228554	0.0982858	-0.0807533	0.0555866	0.00644836	0.00910387	0.0638087	0.0329736	0.209971	0.102735	-0.0575649	0.0138151	-0.0683241	0.132186	0.087989	0.128012	0.0955071	0.187085	0.0882077	-0.0659311	-0.0139096	0.0726368	-0.000513001	-0.105542	0.0584569	0.0729394	-0.146537	-0.00904045	-0.0757988	0.274806	-0.102303	0.0214046	0.0700899	0.0585616	-0.193826	0.0317303	0.1154	0.053729	0.0836817	0.0207173	0.180817	0.0415551	0.18349	-0.101544	-0.127626	-0.259452	-0.114627	0.0582244	-0.0670457	0.0591563	0.0718571	-0.141729	-0.101974	0.0719322	0.0216995	-0.185934	0.063009	-0.0153889	0.0179083	-0.218008	-0.0723253	0.153465	0.166787	0.263354	0.103242	-0.0703396	0.108113	-0.34864	-0.150154	-0.0567007	-0.106095	0.0111865	0.239996	0.0540953	-0.0479634	0.00639	
-0.132893	0.0857334	0.0472767	-0.0395536	0.0665815	-0.0551475	0.107592	-0.103309	0.0976877	-0.0381068	-0.156914	0.0674215	-0.120002	-0.0645036	-0.188841	-0.00418203	-0.0536763	-0.0597389	1	-0.111011	0.000320198	0.0515227	0.0383796	-0.0380353	0.13085	0.0460613	-0.0848291	0.00317906	-0.07837	0.0662818	-0.0359583	0.221247	0.0125248	-0.032412	0.150672	-0.118931	0.0806931	-0.147241	0.0985699	-0.0535381	0.216177	0.144619	0.0180871	-0.094544	0.193124	-0.105022	0.0317822	-0.19877	0.131961	-0.172749	-0.0310927	0.0492697	0.00445382	0.0528458	0.0530807	0.0283561	-0.0834563	0.0321478	0.0085552	0.0896428	0.244178	0.142415	0.115611	-0.0631665	-0.129183	-0.0733356	-0.125605	-0.13886	0.0352586	-0.0334453	-0.174792	-0.0996991	-0.0584155	-0.0708314	0.19485	-0.129591	-0.0133988	-0.0592673	0.0305035	-0.142542	-0.154118	-0.143714	0.0702726	-0.0190755	0.021247	-0.0385819	-0.0969973	0.0543152	0.051698	0.102662	0.135809	-0.113922	0.191292	-0.0663344	-0.0726214	0.175656	-0.124199	0.115078	-0.0139647	-0.0445682	0.0151103	0.00151872	-0.0506498	-0.00634489	-0.0937488	-0.0380032	0.0491522	-0.0111733	0.072546	0.256492	0.0137685	0.151111	0.136986	0.0576293	-0.0984045	0.0923997	-0.221547	0.0295708	0.0570773	
0.0874603	0.0711552	0.140225	0.0665662	-0.0264543	-0.0389572	-0.168216	-0.0603542	0.0461566	0.0785919	0.131641	0.124106	0.011389	-0.116682	0.0354142	-0.0332383	0.0765173	-0.0470963	-0.111011	1	-0.00166939	0.0950909	0.209438	0.130484	-0.0640078	0.0813679	0.176142	0.0799353	0.162072	0.0981441	0.0587287	0.105485	-0.0901682	0.169771	-0.127117	0.0297148	-0.029228	0.090544	-0.180058	0.0972067	-0.0561433	0.211368	-0.0792499	0.042546	0.0917964	0.0358881	0.00287289	0.156401	-0.0195877	-0.0569309	-0.0898939	0.156372	0.0953688	0.0974366	0.0193385	-0.0488088	-0.119278	-0.088491	0.0839796	-0.0194271	0.0496835	-0.0182666	-0.0188879	-0.103307	0.0992216	0.00836913	-0.0374972	0.0184932	-0.051023	-0.0540202	-0.0673206	0.0063788	-0.147493	-0.0366159	-0.256585	-0.00154299	-0.0508127	0.0884768	0.0907724	-0.201349	-0.00161514	0.0843631	0.0234592	-0.110712	-0.125491	-0.0687371	-0.0558483	-0.0192478	0.00899917	-0.0405431	0.055375	0.166456	-0.05856	0.0606515	0.0450508	-0.065883	0.238385	0.0185898	0.0370292	0.233117	-0.0742852	0.0315187	0.0946091	0.0818066	0.0433005	-0.0411833	-0.237114	-0.102636	0.0232379	-0.0575583	-0.0429856	-0.141966	0.0386844	-0.0149411	0.0435251	-0.166472	0.0463066	0.140251	-0.0248499	
-0.066536	-0.0255375	0.100447	0.0508653	0.069735	0.104693	0.0206423	0.102576	0.211378	-0.030318	0.119426	-0.015005	0.18472	0.0982878	0.0610833	-0.00216763	0.146275	0.0225854	0.000320198	-0.00166939	1	0.172627	-0.040018	0.182428	-0.0299256	0.183875	-0.080525	0.0746589	-0.142447	0.00710028	0.0506389	-0.0723415	0.148368	0.101925	0.0691317	0.0489648	-0.0527032	0.169744	-0.00629713	0.151432	0.049112	0.125251	-0.0850861	0.112403	-0.0332379	0.141207	-0.0903403	-0.0878946	0.303324	0.0729561	0.0102674	-0.15967	-0.0758707	-0.088631	-0.0416084	0.0859999	-0.0491906	-0.0824635	0.203995	-0.000860566	0.0237695	-0.0254253	-0.0235391	0.0520421	0.0487873	-0.0351794	-0.0997625	-0.0201441	0.188181	0.0800044	0.137711	0.0430787	0.0631757	-0.0621933	0.273472	0.0971225	0.179684	-0.150175	0.034905	0.0830459	0.0240959	-0.0125535	-0.0057005	0.069204	-0.0529536	-0.0221078	-0.0966501	-0.0109123	0.0303128	-0.00898154	0.00676737	-0.0209226	0.168484	0.132788	-0.090126	0.00743994	0.020295	0.202438	0.140703	-0.0319935	-0.0880509	0.134709	-0.0578525	-0.0127342	0.0923769	-0.0139771	-0.17659	0.156156	0.0461945	0.0669186	-0.120569	-0.0018273	-0.0144735	-0.073876	-0.0621276	0.0544781	-0.0147819	0.135627	0.0296273	
-0.106327	0.0713594	-0.0336107	-0.0035663	-0.181567	0.110614	-0.216574	0.00629668	0.0521483	0.0501853	-0.0496532	0.163749	0.000711422	-0.173563	-0.0275933	-0.122827	0.059449	0.110278	0.0515227	0.0950909	0.172627	1	0.0158594	0.085389	0.12594	0.19256	0.112894	-0.0218695	-0.0716304	-0.116631	0.112448	0.0616618	-0.0272788	0.149337	0.0952927	0.0625034	-0.0767045	-0.0436485	-0.114327	-0.0208599	-0.0413396	-0.139559	0.117456	0.108691	0.0165112	-0.248363	-0.0761169	-0.0959407	-0.143402	0.00883386	-0.106603	-0.038948	-0.094651	-0.0680561	0.0853509	0.0832462	0.0342875	0.0181424	-0.026383	0.164986	-0.023058	0.111576	0.151256	-0.118129	0.145037	-0.265156	-0.00664652	-0.160681	0.158733	0.146288	-0.069707	0.231563	0.169924	0.0557655	0.119831	0.0770151	0.0919056	0.056208	0.0841534	-0.00383948	-0.105959	-0.0616719	0.0111845	0.00761328	-0.206591	0.116941	-0.131752	-0.0293225	-0.158588	-0.079018	0.128381	-0.118837	-0.126927	-0.0379325	-0.0398789	0.0667252	0.0745068	0.0141686	-0.200037	-0.0446869	-0.155237	-0.0706991	-0.111789	0.138771	0.160654	0.0934657	0.0534727	0.0069231	0.0597239	0.372616	-0.0685021	-0.101857	0.0702045	-0.241633	-0.0556832	0.0463392	0.0767821	-0.0362274	0.0990991	
0.0992855	0.125029	-0.012979	0.0328248	-0.0830181	-0.0849118	0.0457626	0.106435	0.192916	0.0246035	-0.036055	0.0745967	-0.148863	-0.0647204	0.115736	-0.064737	-0.0246165	0.0144183	0.0383796	0.209438	-0.040018	0.0158594	1	0.0371779	-0.120721	0.0560971	0.133422	0.0306316	0.0822397	0.141248	-0.213776	-0.00416033	-0.16333	-0.0263542	0.100518	-0.0399984	0.0636416	0.0732524	0.136489	0.20929	0.0674109	0.067367	-0.125882	-0.138454	-0.0726039	0.00327501	-0.103455	0.0448478	-0.0756773	-0.0142059	-0.050438	0.0700677	0.159447	-0.0335855	-0.131387	0.0548567	0.0896728	-0.265764	0.0396375	0.047673	0.174418	-0.0344164	-0.0351669	-0.0942076	0.155777	-0.059856	-0.0517813	-0.0870438	0.112371	-0.0884461	-0.149071	-0.122018	-0.0955633	0.00450937	0.0167576	-0.0698661	-0.134703	-0.0489583	0.0389465	-0.165817	-0.271798	-0.0741987	0.05822	-0.210102	0.0245622	-0.0670512	-0.0196535	-0.0240005	-0.138724	-0.0338469	-0.185937	0.0758996	-0.0249144	0.050105	-0.118762	-0.046179	-0.0449682	0.0763952	0.243455	0.077961	-0.246396	0.0783062	0.0963702	-0.191707	-0.100347	-0.185269	-0.0976728	-0.0622866	-0.149997	-0.0269985	-0.0351801	0.116702	0.0569385	0.0789903	-0.0300975	-0.0350548	-0.0991104	0.00811663	0.019295	
0.123874	-0.0714135	0.0401857	0.0734922	-0.00688088	0.121817	-0.11374	-0.108876	0.196238	0.137851	-0.00833556	0.109511	0.15351	0.0505936	-0.0208536	-0.00278326	0.0379876	-0.0155975	-0.0380353	0.130484	0.182428	0.085389	0.0371779	1	0.0597134	0.0376526	0.00202733	0.0237238	-0.0413459	-0.0490252	-0.198333	-0.0300366	0.118121	-0.0576642	0.142384	-0.00606308	-0.0596938	0.0768485	-0.0134952	-0.0839903	0.158601	-0.0794796	-0.0932064	0.0715127	0.101996	0.0999376	-0.0289594	-0.119431	0.167473	0.0285032	0.013188	-0.179546	-0.0666992	0.167445	0.0513735	0.156498	0.0489891	-0.0385539	0.123198	0.0203296	0.0333399	-0.226161	-0.0849992	0.0994804	0.102394	0.154305	-0.098065	-0.0321282	-0.0122904	-0.0698291	0.00256349	0.179756	0.00405473	-0.0183879	-0.0675512	0.122005	0.160983	0.17888	-0.0740817	0.0871818	-0.0712024	0.0390503	-0.14668	0.255792	0.0550018	-0.0605766	0.172394	-0.00244402	-0.0575959	0.0273447	-0.0183999	0.0387508	0.177876	-0.177763	-0.16119	-0.113877	-0.17604	0.0421843	0.0244935	0.114137	-0.0534288	0.233795	-0.00781242	0.0143568	-0.0659591	0.0654579	-0.15962	-0.0132096	0.223641	0.0499684	-0.121188	-0.168395	-0.164245	0.141602	-0.0386944	-0.114532	0.18053	-0.010272	-0.0593255	
-0.0688327	-0.00964196	0.0904375	-0.000947376	-0.0721967	0.0543398	-0.190441	-0.0637622	0.0540416	-0.0983432	0.165461	0.0442813	-0.140923	0.0455894	0.0856469	-0.0131766	0.0787352	0.154363	0.13085	-0.0640078	-0.0299256	0.12594	-0.120721	0.0597134	1	-0.0615891	-0.128696	0.0318488	-0.0160483	-0.0138949	-0.185994	0.0370105	-0.00882455	-0.035642	0.0443059	-0.0944069	-0.119512	-0.158962	0.0559795	-0.0044808	-0.0870883	0.0558684	0.113	-0.026474	-0.00728937	-0.058512	-0.0613368	-0.00184201	-0.132691	0.00033527	0.0511133	0.0753421	-0.00656342	0.00951632	0.118815	-0.0758813	0.0579303	0.171291	-0.00342016	-0.0401316	0.0298488	-0.133003	0.0769771	0.0257637	-0.029797	0.0852857	0.0220182	0.0265126	0.100894	-0.0967235	0.080497	-0.0384904	0.0439941	0.0181851	0.14366	0.156369	0.141099	-0.128068	0.07586	0.0910498	-0.0555378	-0.0119051	-0.079278	0.291092	-0.0389857	0.113125	-0.0294958	-0.193067	-0.103316	0.0922412	0.042788	-0.0834764	0.0843936	-0.273009	0.0762697	-0.117115	0.0409104	-0.142136	0.01517	0.125787	0.31217	0.220971	-0.0405839	0.0559612	0.012384	0.0462694	0.145975	0.0935154	0.107512	0.0739426	-0.0293015	-0.155521	-0.00410969	-0.110638	0.166255	0.00806547	0.0192693	-0.0923599	-0.0212767	
-0.174927	0.0331874	-0.0933438	-0.0253891	-0.0575019	-0.00355994	-0.0794784	0.0036901	0.0578679	-0.0105995	-0.0794162	0.0497229	0.0817318	-0.268281	-0.00679792	-0.0847714	0.000200103	0.0295613	0.0460613	0.0813679	0.183875	0.19256	0.0560971	0.0376526	-0.0615891	1	0.194331	0.00384528	0.0872606	0.0418205	-0.120088	0.108182	-0.111312	0.177827	-0.0421298	0.00939821	-0.0151666	-0.00470605	-0.0580079	0.0257477	-0.0197057	-0.011884	0.0159158	-0.0342833	-0.100928	0.0148994	-0.107684	-0.15562	-0.00569344	-0.172633	0.0382957	0.0306415	0.226079	0.0915504	-0.112276	-0.103878	-0.0181612	0.035293	-0.034441	-0.139768	0.0202726	0.025071	-0.0649057	-0.0118184	-0.0249716	-0.00975166	0.122898	-0.103767	0.0192811	0.116459	0.113072	0.0817287	-0.0698329	0.162646	-0.0339467	0.0752048	-0.113681	-0.0616392	0.089894	-0.0462023	0.101785	-0.151742	0.0339832	-0.28142	-0.165528	-0.108105	0.0559448	0.0756494	0.091129	-0.0335085	0.0466946	0.0739954	-0.0467164	0.152393	-0.01367	0.0476799	-0.100098	0.125356	0.0253318	-0.0932849	-0.229298	0.0416304	-0.0960881	-0.000124009	-0.0500306	0.122219	-0.0377722	-0.0423953	-0.0716823	0.101658	0.0543443	0.185122	0.0303927	0.203216	0.00167396	0.10648	0.0891806	0.0166791	0.0900001	
-0.140168	0.192771	0.00307577	-0.133135	0.111312	-0.00593753	0.140223	-0.0862862	-0.0752529	0.0695995	-0.183897	0.0556367	-0.0750768	-0.242531	0.137671	-0.148331	-0.0381762	-0.0790817	-0.0848291	0.176142	-0.080525	0.112894	0.133422	0.00202733	-0.128696	0.194331	1	-0.0965881	0.0321498	0.0176351	0.0526336	0.0782084	-0.241539	0.202611	0.01266	-0.00242751	0.0655456	-0.0404328	0.114336	-0.0821354	-0.264111	0.151855	0.00561357	-0.0829638	-0.0382642	-0.0264387	-0.0682719	0.0935922	-0.0464662	0.0184478	0.107228	0.0412172	-0.0209692	-0.00523812	-0.00933216	-0.0858281	-0.0822401	-0.066461	-0.0753366	-0.173426	-0.111121	0.0244305	0.0146254	-0.119246	0.106174	0.0389409	0.0291488	-0.3983	-0.131493	0.0333095	-0.0401259	0.0387992	-0.000818629	-0.171499	-0.109509	-0.117399	-0.0262048	-0.0547847	0.150872	-0.159787	0.0820987	0.031563	0.182191	-0.408235	-0.118112	0.0669254	0.0853527	0.179705	-0.0882121	0.040937	0.0221505	0.0489609	-0.184708	0.0637659	-0.0392412	-0.0215152	-0.0174092	0.080347	0.0397513	0.0725984	-0.113945	-0.107784	0.108329	0.109299	0.0868046	-0.0663461	0.0598788	-0.2406	0.0721296	0.0839688	-0.0867507	0.181	-0.0621331	0.137514	-0.0881135	-0.0797084	0.0935818	0.0577696	-0.090286	
0.135066	0.030906	-0.00272712	0.217702	0.0179141	-0.0829273	0.00931459	0.0447721	-0.0331244	0.087134	0.160592	0.0286362	0.0703557	0.00733503	-0.0700985	0.0568011	0.115468	-0.0545018	0.00317906	0.0799353	0.0746589	-0.0218695	0.0306316	0.0237238	0.0318488	0.00384528	-0.0965881	1	-0.0365384	-0.010423	-0.0819001	0.0294801	-0.0599747	-0.0269728	0.124244	-0.00938615	-0.0435444	-0.00292323	-0.071857	-0.0186645	-0.0679267	0.045548	-0.0362926	0.118193	0.0483863	-0.0200635	0.0315959	0.0173998	-0.074378	-0.129968	-0.188962	-0.0354329	0.0237171	0.0281401	-0.0533589	-0.00941891	-0.109994	0.192257	0.118326	0.0432279	0.058317	-0.0487664	-0.0833322	0.105572	-0.207949	0.028023	-0.0119711	0.049333	0.0969334	0.0589756	0.122447	-0.0827358	-0.0444327	-0.0596738	-0.059301	-0.0498832	0.0400671	0.0163151	0.198027	0.00126678	-0.112583	-0.00445717	0.179655	0.104305	-0.0904426	0.0353499	0.0251483	-0.0180673	0.0761751	-0.0853509	0.00874263	-0.0939787	0.046566	0.018157	0.204689	-0.00418385	-0.119601	-0.0569922	-0.122281	0.12544	0.173796	-0.0245846	0.132502	-0.000966566	0.13043	-0.0844486	-0.0424923	0.122195	-0.0427888	-0.0077308	-0.0394675	-0.041886	0.00327683	-0.00653124	0.179635	0.0104081	0.0320992	-0.105633	-0.0793453	
-0.11575	-0.167221	-0.134015	-0.178096	-0.0855088	0.125169	-0.0706166	0.0850934	0.0190291	-0.0112167	-0.036851	-0.0760652	0.00435821	-0.169267	-0.0887437	-0.00662545	-0.135825	-0.0561219	-0.07837	0.162072	-0.142447	-0.0716304	0.0822397	-0.0413459	-0.0160483	0.0872606	0.0321498	-0.0365384	1	0.0937597	-0.0309438	0.107197	-0.187714	-0.246877	-0.0822813	-0.177437	0.0379427	0.0264242	0.00751374	0.0869727	-0.118323	-0.0543916	0.109125	-0.107236	-0.0274557	-0.119671	0.0100492	0.064968	-0.0555682	-0.0068538	0.137783	0.16402	0.155126	0.082764	-0.0769092	-0.119591	0.187073	-0.101472	0.112487	-0.0574514	-0.0239478	0.0321129	-0.160702	0.122659	-0.167059	-0.0982136	0.0366014	-0.0446094	-0.0595389	0.166019	-0.0124049	-0.152452	-0.0444589	0.116511	-0.0417682	0.182319	-0.127783	-0.0552115	-0.155328	0.0813264	-0.0551329	-0.0795158	-0.0907944	0.0347548	0.111813	0.0600311	0.0542531	0.0227202	0.0191061	0.0848753	0.0396672	-0.0557647	-0.0138846	-0.0762149	-0.102485	-0.0355915	0.0236843	-0.0773554	-0.0469614	-0.0945765	-0.140134	-0.103179	-0.211291	0.0241766	0.0459023	-0.0665057	-0.156589	-0.237015	-0.194679	-0.233309	0.0392909	0.138276	-0.207643	0.0639662	-0.21531	-0.0376301	0.0335348	0.0523425	-0.0112869	
-0.179567	-0.0772722	-0.0529925	0.0354401	0.0152763	0.155003	0.200196	0.144427	-0.00358336	0.0462337	-0.0410177	0.0969511	-0.093141	-0.23785	-0.0572465	0.0272195	-0.182361	0.149364	0.0662818	0.0981441	0.00710028	-0.116631	0.141248	-0.0490252	-0.0138949	0.0418205	0.0176351	-0.010423	0.0937597	1	-0.1495	-0.144028	-0.0074647	0.108137	0.0399289	-0.0699106	0.122507	0.062913	0.0346491	0.0786754	0.00639525	0.0348364	-0.115058	-0.0978201	-0.276177	-0.0609661	0.227902	-0.0344588	-0.0196503	-0.228038	0.056921	0.180068	0.0913156	-0.0650425	-0.133556	-0.0866963	-0.0710757	-0.138108	-0.0635577	-0.0138087	-0.128338	0.0137453	-0.0268373	-0.0872908	0.0400339	0.0258984	-0.180454	0.021202	-0.033568	-0.138167	-0.125234	-0.00162621	-0.0679332	-0.152799	-0.102624	-0.0119716	-0.139019	-0.00564039	0.0985132	-0.30391	-0.00559565	-0.120463	0.0927442	-0.261171	-0.0970256	-0.00223814	-0.0810698	0.0171155	0.032177	-0.100596	-0.204672	0.0790221	0.117551	0.0176123	0.0799464	0.0865003	-0.0943073	0.0809417	-0.0962437	-0.097355	-0.00508651	0.152166	-0.0332159	-0.384706	-0.237981	0.0956384	-0.0975182	-0.197591	-0.105998	-0.260106	-0.128562	-0.0212457	-0.0684484	0.0960463	-0.267651	0.0317145	-0.0591937	0.168244	0.0666163	
0.0326555	0.0522478	-0.0312048	0.0347586	-0.103433	-0.0665721	0.154532	-0.11146	-0.304648	-0.04087	-0.167857	-0.0696116	0.0407827	0.13275	0.0322041	-0.0959966	0.0876637	-0.187916	-0.0359583	0.0587287	0.0506389	0.112448	-0.213776	-0.198333	-0.185994	-0.120088	0.0526336	-0.0819001	-0.0309438	-0.1495	1	0.104947	0.177854	-0.0686894	-0.0190748	-0.0881185	0.0607604	0.0194379	0.0301564	-0.106986	-0.0892105	0.0409982	0.140358	-0.104835	0.0471679	-0.0157118	0.092475	-0.0201875	0.135022	-0.032987	0.0327866	0.147115	-0.00731315	0.134668	-0.0728078	0.00676436	-0.0627575	0.0110583	-0.21148	0.05501	-0.113116	0.148724	0.0547587	0.0360886	-0.0247854	-0.135257	0.157737	-0.0383074	0.0490055	0.0714936	0.192905	0.052391	0.131452	0.029155	0.0611816	0.0141207	0.0870092	0.155929	-0.087393	0.0577183	-0.0260627	0.139075	0.00783091	-0.0467919	-0.0135719	0.0339687	0.0569866	0.0178811	0.00396386	0.0777468	0.155527	0.05818	-0.031793	-0.0759935	-0.0454395	-0.0900848	0.211056	0.0331111	0.00771629	-0.0553011	0.0877488	-0.115233	-0.0192703	0.0919595	0.0644216	-0.114628	-0.0846838	0.012325	0.143814	0.0951763	0.037596	0.115878	-0.00729712	-0.0415935	-0.04774	0.0266778	-0.230392	-0.0723113	0.0578699	
-0.124135	-0.00872743	-0.0694643	0.065734	0.0748431	-0.136553	0.107173	-0.0898487	-0.0860436	0.00587362	-0.113451	-0.0367138	-0.0170793	-0.165857	-0.0689021	-0.048043	-0.0307536	-0.0754813	0.221247	0.105485	-0.0723415	0.0616618	-0.00416033	-0.0300366	0.0370105	0.108182	0.0782084	0.0294801	0.107197	-0.144028	0.104947	1	0.0254993	-0.0934127	0.0690224	0.103626	-0.00198478	-0.0122307	0.12345	-0.0234508	0.138645	0.0582379	0.0335055	-0.0445369	0.110019	-0.0770702	-0.0870526	-0.0926412	-0.0598375	-0.0281785	0.106405	0.0774077	-0.00714324	-0.101236	0.0433611	-0.141478	-0.0698478	7.8555e-005	0.0172502	0.0490294	0.147475	0.082873	0.0188112	-0.0312375	-0.267979	0.0846866	0.00965308	-0.11645	0.145916	0.132256	0.17646	0.060958	0.082628	-0.0620886	0.00753177	-0.00386006	0.0996976	0.0764586	-0.0854697	-0.00415719	0.0221311	-0.0382358	-0.0552831	0.0480369	0.0476207	0.11985	-0.00867614	0.149864	0.15592	-0.0174118	0.180816	0.01618	0.0568333	-0.0534668	0.0487603	-0.0178256	0.0854078	0.104852	0.10492	0.0502198	0.11897	-0.0219314	-0.0659421	0.215859	0.115522	-0.204884	-0.05001	0.0457745	0.0449888	-0.0267378	0.131804	0.153569	0.0851855	0.217423	-0.00179408	-0.0739631	0.0410354	-0.0670257	-0.0169322	
0.0273787	-0.0738017	0.105863	0.0561588	0.110901	-0.0268939	-0.00667889	-0.10327	-0.123953	-0.148717	0.111497	-0.118758	0.022955	0.0793123	-0.126215	0.139443	-0.0169361	0.0798812	0.0125248	-0.0901682	0.148368	-0.0272788	-0.16333	0.118121	-0.00882455	-0.111312	-0.241539	-0.0599747	-0.187714	-0.0074647	0.177854	0.0254993	1	-0.125912	0.00776193	0.130878	-0.0613326	-0.0501417	-0.0374986	-0.131283	0.0449898	-0.0687909	-0.0796991	0.167091	0.0654004	0.0685905	0.207371	-0.104669	0.100165	-0.0811707	-0.111583	0.00478507	-0.00759111	0.00468515	-0.110396	0.10984	-0.146944	0.0470371	0.0671822	0.102104	-0.0121459	-0.01653	0.0139336	0.0114585	-0.0223301	-0.00918602	0.148559	0.144625	0.162223	-0.0211546	0.133001	0.23995	0.100978	-0.0692826	0.229429	-0.0414443	-0.00467427	0.183255	-0.184902	0.0218743	-0.172045	0.0336961	0.0434372	0.243801	0.013167	0.126101	-0.106972	0.131643	-0.000469896	0.00187479	0.0493759	-0.0915895	0.0754965	-0.0706281	-0.163015	-0.112655	0.155112	0.0936628	0.0283688	-0.0890961	-0.00300522	0.135777	-0.0904305	-0.065761	-0.0493188	0.0708336	0.079088	0.0561334	0.0712721	0.109704	-0.216564	-0.118154	0.0993413	-0.143692	-0.0423675	0.250589	-0.0315955	0.0981739	-0.054807	
