1	0.150527	-0.11512	-0.00537045	0.0667607	-0.222876	0.0770653	-0.179216	-0.190631	-0.233421	0.197335	-0.5426	0.0837284	-0.29582	-0.103093	-0.290578	-0.191287	0.519973	-0.209914	0.27693	-0.0528913	0.083024	-0.219485	0.280333	0.0950346	-0.271509	0.0239173	0.0440376	-0.140151	-0.0284728	0.200138	0.196076	0.603828	-0.209468	0.0834902	0.0806105	-0.447475	0.0689966	0.151351	-0.0519015	0.633559	0.216868	0.250718	0.337119	0.217765	0.0570212	0.0834453	-0.047139	0.360657	0.0475979	-0.20065	0.264752	0.0334349	-0.215799	0.290196	0.179819	0.0149648	-0.225739	-0.416953	0.0340529	0.34573	0.00790231	0.0545132	0.0598536	-0.0860067	0.27525	-0.291669	0.0075435	0.617903	0.0251164	-0.244165	0.270355	-0.107828	0.128535	0.565819	0.0162661	-0.047901	0.36336	0.23761	0.16556	0.281613	-0.149474	-0.123941	0.00618198	0.00479316	-0.0289515	0.0048422	-0.168291	-0.00895259	0.162435	-0.437263	0.196023	0.118618	0.229654	-0.05012	-0.438596	0.165918	0.211935	-0.540386	-0.110571	0.0987268	-0.359349	-0.273949	-0.257045	0.0935336	0.0092381	-0.24439	-0.599676	0.109228	-0.0850988	-0.119621	-0.398993	0.0574379	0.159619	-0.109493	-0.0254792	0.0387405	-0.171279	-0.390405	
0.150527	1	-0.00431876	0.190076	-0.0532442	-0.335518	0.595877	-0.024447	-0.0801343	0.00470757	-0.344247	-0.26919	0.0977927	-0.0436649	0.176084	0.13686	-0.143081	0.140657	-0.232512	0.118924	-0.0680741	-0.482602	-0.273719	0.197024	0.0913394	-0.197146	0.193305	-0.366681	0.112354	0.271588	-0.244166	-0.15096	-0.16364	0.308485	0.163201	-0.0360586	0.220523	-0.309284	-0.210597	0.0560861	0.205126	0.0544282	0.0731435	-0.409051	-0.265312	-0.297652	-0.0716848	-0.125725	0.0782326	0.0789994	-0.323526	0.0305581	-0.167416	-0.411935	0.258895	-0.325985	0.0901285	0.113935	-0.211571	-0.143803	0.14111	0.152617	-0.35494	-0.502569	0.0107456	0.0380991	0.422082	-0.210465	-0.114854	0.132284	-0.0294241	-0.0847222	-0.189794	0.511078	0.354825	0.0730732	-0.175548	-0.0341985	0.367036	-0.0953532	-0.212451	0.222614	0.417273	-0.385952	-0.122772	-0.071912	0.307971	0.0438498	0.271231	-0.0717232	-0.063859	-0.256342	-0.0219255	0.274422	0.212465	-0.295776	0.125612	0.128216	-0.147244	-0.00636505	0.172533	-0.194104	-0.0705396	-0.347685	-0.336535	0.20363	-0.445065	-0.102831	0.374861	0.179624	-0.179431	-0.10434	-0.365069	0.00187003	-0.0276731	-0.0672926	-0.015992	-0.131271	-0.223154	
-0.11512	-0.00431876	1	-0.168235	-0.496403	-0.0236714	0.275112	0.244701	-0.449043	0.214109	0.263326	0.629343	-0.373005	0.39309	0.106299	0.0692517	0.110102	-0.143108	0.168913	0.465155	-0.056665	-0.231798	0.0949179	0.335958	0.0796841	-0.119601	0.0423125	0.00562413	-0.101577	-0.0375326	-0.558933	0.14409	-0.169137	0.0465102	-0.0147468	-0.150437	-0.0654096	-0.0963694	0.176756	0.0418378	-0.247923	0.00489189	0.160873	-0.0829731	0.0757039	0.242764	0.357046	-0.0778276	0.312705	-0.407553	0.265874	0.260601	0.28096	0.325027	-0.295796	-0.170058	0.227833	0.0836357	-0.00469456	-0.22115	0.464292	-0.278435	0.065119	-0.110266	0.127445	-0.20272	0.0416574	0.0642986	0.0457848	0.421588	0.0629645	-0.425425	-0.251718	0.0175846	0.137601	-0.0117202	-0.302255	-0.13993	-0.186402	-0.0292122	-0.000513539	-0.0404721	-0.14313	-0.0993128	0.119973	-0.0634211	-0.0380449	0.375992	0.0112766	-0.229332	-0.0730816	-0.160755	0.0661569	0.167026	0.109635	0.0872139	0.0075352	0.114489	-0.145437	0.370341	0.0115392	0.304808	0.0908184	-0.139243	0.237404	0.0793367	0.413669	0.275528	0.00463107	0.18059	0.0231439	0.489271	0.282522	-0.0486085	0.325947	-0.140422	0.316441	-0.33293	-0.232153	
-0.00537045	0.190076	-0.168235	1	-0.0340834	0.0786867	-0.0591435	-0.0383432	0.319364	0.334305	-0.37009	-0.0905686	0.241756	-0.0651888	0.348477	-0.0690921	0.0352011	-0.395688	-0.259545	0.280471	0.289232	0.0133286	0.173143	-0.241727	-0.00430728	0.389853	0.433056	-0.504581	-0.207484	0.0930809	-0.159218	-0.307361	0.189851	0.256792	0.310545	-0.0598091	0.354397	0.284837	0.153194	-0.453363	-0.334127	-0.0498482	-0.0502115	0.305166	0.0444127	-0.0302853	-0.102266	0.27963	-0.109059	0.0399565	-0.263048	-0.142406	0.169041	-0.21195	0.151063	0.206973	-0.127496	0.423207	-0.260963	-0.0220227	0.255626	0.168857	-0.329387	0.0262776	-0.423881	0.027935	0.601807	0.0986402	-0.0219874	-0.00274895	-0.401368	0.191728	-0.17599	-0.0747618	-0.0706359	-0.0523468	0.275579	0.202866	0.107751	0.0605671	-0.2404	-0.149478	0.25068	-0.410968	-0.0276879	-0.222834	0.18046	-0.514005	0.208546	-0.0669481	-0.293454	-0.0232387	-0.13366	-0.193488	-0.0882488	0.169821	0.0658377	0.0624312	-0.092543	-0.507741	0.28185	0.0321741	0.0915501	0.0549168	-0.0934498	0.335049	-0.0474687	-0.185593	0.281359	0.168228	0.28758	0.0161334	0.160884	0.0549119	-0.0406511	0.126583	0.188015	0.193973	-0.194966	
0.0667607	-0.0532442	-0.496403	-0.0340834	1	-0.17279	-0.387518	-0.041534	-0.141994	0.231512	-0.00799913	-0.292203	-0.326944	-0.461341	-0.253663	0.431317	-0.215675	-0.0541539	0.0107432	-0.11295	0.177275	0.182546	-0.173246	0.0178266	0.165394	0.0114021	-0.179834	-0.0557875	0.152142	-0.193245	0.262277	-0.128567	0.175333	-0.0395581	0.285036	0.275516	-0.0658488	0.25578	0.0309862	0.0895481	0.219851	-0.310141	-0.00421821	0.104553	-0.231716	-0.220469	-0.300098	0.198103	-0.189572	0.28813	-0.0752058	-0.162847	-0.0625809	-0.0758666	0.483459	0.139248	0.0345903	-0.382016	-0.304599	0.0501888	-0.360534	0.300104	0.108694	-0.326931	0.220084	0.38238	-0.228592	-0.0775434	0.161164	-0.254292	-0.0454027	0.500208	0.290395	-0.096243	-0.0500631	-0.1054	0.272376	0.0244462	-0.322633	0.29877	-0.0804018	-0.00787981	0.309871	0.506834	-0.234996	0.171894	0.0501017	-0.384568	0.221091	0.210809	0.00333321	-0.133132	-0.236802	-0.0972124	0.374472	0.122127	-0.528605	0.116437	-0.216131	-0.379188	-0.00259251	-0.649661	-0.106478	0.109618	-0.0721038	-0.122207	-0.172772	-0.218345	0.309827	-0.125797	-0.0775826	-0.168933	0.113922	0.135992	-0.587327	0.307355	-0.196764	0.0369373	0.47352	
-0.222876	-0.335518	-0.0236714	0.0786867	-0.17279	1	0.0711878	-0.0456097	0.163384	-0.0661165	-0.215369	0.307654	0.331599	0.0933161	0.165024	-0.183102	0.254476	-0.0934031	0.0714827	0.0128852	0.131818	-0.00315504	0.261026	-0.310561	-0.152972	0.000798894	0.0482303	0.00185042	0.280615	-0.199994	-0.0711267	0.0740646	-0.158097	0.218816	-0.34918	-0.00901367	-0.106577	0.129022	-0.187644	0.342797	-0.339009	0.0965752	-0.0830568	0.319953	-0.326778	-0.0116336	0.0549115	0.408717	-0.296105	-0.394422	0.400642	-0.236527	0.204814	-0.00991694	-0.317436	0.109964	-0.3574	0.0334658	0.354445	0.0382319	0.0730015	-0.326697	0.30462	0.275384	0.0166438	-0.0132042	0.22305	0.0641117	0.054892	-0.110718	0.0706915	-0.109172	0.0863479	-0.259359	-0.331814	-0.28794	-0.0329892	-0.43377	-0.369817	-0.319465	-0.155673	-0.257691	-0.176432	-0.112331	-0.0969161	-0.318464	-0.30733	-0.0584251	-0.340758	-0.0573824	0.17538	0.276083	-0.202368	-0.161634	-0.17447	0.219911	0.20325	-0.556894	0.273228	-0.237035	-0.290069	0.403986	0.0190797	-0.223046	0.104685	0.202267	0.151684	0.20502	-0.0824748	-0.105096	0.291368	0.096241	0.0562427	-0.383122	0.183962	0.0930575	-0.0119613	-0.00277562	0.0738658	
0.0770653	0.595877	0.275112	-0.0591435	-0.387518	0.0711878	1	-0.00679377	-0.263827	-0.235905	-0.407916	0.0452052	0.0929839	0.134462	-0.00970813	-0.21601	-0.26639	0.266498	0.0279364	0.257095	-0.155892	-0.507349	-0.212082	0.0914244	-0.427598	-0.0905903	0.0585855	-0.00682391	0.0679072	0.247012	-0.271871	0.00909768	-0.0900374	0.214892	-0.252428	-0.0762364	-0.160746	-0.128293	-0.240171	0.303314	-0.00275904	0.0155712	0.146709	-0.0755383	-0.386483	0.230281	0.0617869	0.0178752	0.161526	-0.126391	-0.183562	0.148184	-0.0298827	-0.395792	-0.167427	-0.197713	0.281353	0.16707	-0.166786	0.0601556	0.247437	-0.180939	-0.0391926	-0.37463	0.00917317	-0.0445486	0.151502	-0.191201	0.0488376	0.137193	0.260175	0.0167163	-0.296659	0.140686	0.24179	0.138548	-0.203923	-0.0941199	0.299099	-0.323987	0.0347964	0.179926	0.112586	-0.328381	-0.105442	-0.201063	-0.164978	0.317684	-0.199321	0.264761	-0.0309411	-0.0160436	0.0997782	0.202186	0.076584	-0.135926	0.158588	-0.0300311	0.247444	-0.0395431	-0.0815827	0.340647	0.0117156	-0.401911	0.00575205	0.0761242	0.0131048	0.060691	-0.119224	-0.140725	0.0393773	0.0129617	-0.0271079	0.00340729	0.282941	-0.611713	-0.151886	-0.161515	-0.134632	
-0.179216	-0.024447	0.244701	-0.0383432	-0.041534	-0.0456097	-0.00679377	1	0.102056	0.0267949	-0.384688	0.275404	-0.156981	0.00110971	0.323587	0.282707	0.101534	-0.261674	0.154301	0.370177	0.142788	0.137566	-0.0622307	0.160207	-0.276508	-0.324057	0.0893446	-0.111762	0.395996	0.570209	-0.0117734	0.28737	0.199102	0.183687	0.263352	0.222356	-0.256725	0.0467593	-0.146019	0.0578973	-0.1512	0.145808	0.179465	-0.0960101	0.0716705	-0.162898	0.214409	0.259793	0.338291	-0.0473901	-0.0251278	0.271443	0.272642	0.367153	0.146139	0.00588263	-0.136519	0.0798311	-0.129315	-0.18162	-0.334778	-0.23703	-0.38829	-0.135999	0.395222	-0.223886	-0.114345	0.0256093	0.0980511	0.463316	-0.0516961	-0.101144	0.159023	0.0383078	0.199815	0.461376	-0.0153014	0.243998	-0.302114	0.394082	-0.0590024	-0.152376	-0.22361	0.0732526	0.121992	0.0828324	0.255932	0.0264563	-0.0190072	0.235423	0.0854836	-0.458535	-0.307956	0.160936	0.18964	-0.127455	-0.261016	-0.0200677	0.0777051	-0.358728	0.502885	-0.110065	-0.211093	-0.0418337	0.443283	-0.308318	0.163929	0.248065	0.0478857	0.557981	-0.0428159	0.21103	0.0440672	0.0923203	-0.0402384	0.15769	0.0646153	-0.0990358	0.177456	
-0.190631	-0.0801343	-0.449043	0.319364	-0.141994	0.163384	-0.263827	0.102056	1	-0.270316	-0.181385	-0.340406	0.605299	-0.0253639	0.403336	-0.147026	0.181729	-0.131776	-0.194753	-0.483689	0.211996	0.152141	0.14381	-0.511421	-0.0310312	0.313104	-0.0717614	-0.0972058	0.216931	0.0665439	0.183742	0.065971	0.180096	0.0742223	0.0789479	-0.14085	0.0326117	-0.206946	-0.230736	-0.248125	-0.0943848	0.160431	0.069868	0.123316	0.0781505	0.0661244	-0.0762994	-0.0503878	-0.123293	0.0952166	-0.00564295	-0.292037	-0.183035	-0.000440548	0.0215379	-0.113861	-0.355956	0.332927	0.313274	0.354194	-0.203371	0.0344264	-0.382496	0.312944	-0.0440424	-0.0237251	0.113021	-0.0539775	-0.448579	-0.304685	-0.124676	0.0363209	0.218951	-0.155622	-0.0244273	0.0550135	0.0896507	0.187884	-0.0752013	0.0634879	-0.0473213	0.112996	-0.314441	0.00135732	0.0953798	0.112513	0.242108	-0.261747	-0.16525	0.0302826	0.157342	0.131067	-0.502358	-0.436465	-0.389304	-0.144988	0.255546	-0.174995	0.244831	-0.0426553	-0.00619583	0.255549	-0.189793	-0.00362961	-0.135176	-0.284932	0.128161	-0.0288369	-0.0559607	0.297696	0.129675	-0.103557	-0.457883	-0.0847071	0.352638	0.354626	0.0325406	0.288692	-0.32679	
-0.233421	0.00470757	0.214109	0.334305	0.231512	-0.0661165	-0.235905	0.0267949	-0.270316	1	-0.052819	0.239939	-0.259728	0.0348863	-0.155099	0.136479	0.0505556	-0.369778	-0.0920108	0.277497	0.0793334	-0.0234262	-0.025236	0.0129069	0.324786	0.0280004	0.132904	-0.39797	-0.0396225	-0.266846	0.0805608	-0.400404	-0.133266	0.387286	0.372484	-0.311687	0.343552	0.347486	0.212061	-0.285073	-0.331809	-0.618842	-0.164485	0.0793896	0.158656	-0.210487	-0.256515	0.377548	0.185597	0.271346	0.0867517	0.151587	0.182922	-0.0749403	-0.067416	0.0590374	0.181002	0.201299	0.193219	-0.153806	0.0702458	-0.28892	-0.1145	-0.362488	-0.0930965	-0.321355	0.36558	0.268987	0.116347	0.242841	-0.140239	0.0348001	-0.0218643	-0.10785	-0.142318	-0.00713787	0.0804628	-0.19541	-0.165075	0.200579	-0.35697	-0.151545	0.364324	-0.0505962	-0.0157717	0.153709	0.102337	-0.300393	0.511726	-0.133366	-0.0457352	-0.0172178	0.0164692	0.197111	0.440667	0.197009	-0.336217	0.138403	-0.25293	-0.319176	0.123018	-0.161696	0.322938	0.0847072	-0.224415	0.243409	0.139894	0.366403	0.240265	0.220862	0.380697	0.341858	0.184493	-0.148476	-0.0972331	0.183489	0.182025	-0.0299809	0.0212228	
0.197335	-0.344247	0.263326	-0.37009	-0.00799913	-0.215369	-0.407916	-0.384688	-0.181385	-0.052819	1	-0.011564	-0.37758	0.144925	-0.218288	-0.0312302	0.141113	0.0892901	0.0811152	-0.242111	-0.235579	0.236277	0.00792894	-0.0314464	0.46213	0.106786	-0.28064	0.277233	-0.46022	-0.437044	-0.0517395	-0.0384403	0.103816	-0.493751	-0.0823939	0.000586715	0.0743874	-0.194072	0.401912	-0.107246	0.219674	-0.0164501	-0.0556353	-0.0877359	0.155219	0.0379146	0.171949	-0.222342	0.0750181	-0.000999227	0.195328	-0.126767	-0.175983	0.301758	-0.200015	-0.171	-0.0768362	-0.143143	0.144822	-0.18633	0.192369	0.356084	0.302075	0.197463	-0.00339537	0.221282	-0.315113	0.110533	0.0580383	-0.149116	0.149815	-0.296607	0.085782	-0.015248	0.0762806	-0.428935	-0.31128	-0.0319389	0.0496852	0.0682078	0.148197	-0.167888	-0.288459	0.283668	0.121398	0.298109	-0.0274147	0.117753	-0.0944176	-0.349743	-0.0452261	0.20097	0.216662	-0.153045	0.0283698	0.144855	0.22442	0.0562015	-0.301889	0.642704	-0.269163	-0.126261	0.129911	0.128866	-0.140776	0.00539595	0.0873	-0.182696	0.0875695	-0.0746153	-0.347199	0.0741591	-0.00296941	-0.102114	0.0451114	0.212442	0.301354	-0.0232383	-0.0744068	
-0.5426	-0.26919	0.629343	-0.0905686	-0.292203	0.307654	0.0452052	0.275404	-0.340406	0.239939	-0.011564	1	-0.1886	0.249322	0.232015	0.119088	0.301634	-0.25608	0.0890802	0.175296	0.00326051	-0.26885	-0.0249366	0.0602873	-0.0878372	-0.0654689	0.295848	-0.0663656	-0.0683111	-0.122734	-0.556922	-0.153487	-0.321388	0.263843	-0.0482923	0.0473442	0.198666	-0.0274684	0.20862	0.143752	-0.531852	-0.0771515	-0.160199	-0.19231	-0.248662	0.074634	0.518266	0.102685	-0.170988	-0.261027	0.194952	0.266811	0.440794	0.438176	-0.418893	-0.0576679	0.113736	-0.0356671	0.0566659	-0.356551	0.178301	-0.207033	0.0390154	-0.103469	0.207903	-0.460763	0.126701	0.327819	-0.175488	0.369359	0.203483	-0.417366	-0.308103	-0.266062	-0.436605	-0.158733	-0.209843	-0.330268	-0.289149	-0.106629	0.0998966	-0.234971	0.129472	-0.221567	0.110755	-0.239438	-0.0785539	0.3975	-0.114533	-0.185337	-0.00279436	-0.152694	0.0428907	0.208019	0.214836	0.480266	-0.177926	-0.0981356	0.193904	0.112918	0.161029	0.197773	0.317523	0.143337	0.242082	0.347357	0.200148	0.558351	-0.0864757	0.00773692	0.0852836	0.526524	0.382303	-0.125914	0.223735	0.0220161	0.0673648	-0.346899	0.188687	
0.0837284	0.0977927	-0.373005	0.241756	-0.326944	0.331599	0.0929839	-0.156981	0.605299	-0.259728	-0.37758	-0.1886	1	-0.242661	0.462957	-0.338988	0.0867617	0.0948423	-0.300717	-0.304134	0.0420375	-0.145487	0.0200652	-0.243462	0.0603283	0.0416821	0.130861	-0.319723	0.177629	-0.168928	0.0145356	0.0741851	0.0134512	0.430569	0.0689925	-0.182046	-0.0799984	-0.169483	-0.246855	-0.121534	0.13926	0.306694	-0.0855486	0.0487443	-0.0454622	-0.0107131	0.0905266	-0.0440927	-0.201986	-0.161897	-0.0871501	-0.0489016	-0.0910908	-0.191222	-0.276461	0.0635236	-0.236346	0.0306113	0.292588	0.361837	0.00912177	-0.287594	-0.365011	0.360665	-0.280548	-0.300247	0.0421911	0.106084	-0.340469	-0.330149	-0.350018	0.15965	-0.308401	-0.318109	0.028208	-0.123689	-0.044057	0.162859	0.16778	-0.270098	0.115972	0.08981	0.0297268	-0.380728	0.0372019	-0.444829	-0.107163	-0.0782881	-0.257247	-0.0307973	-0.252495	0.144837	-0.25534	-0.030329	-0.522446	-0.474155	0.533223	-0.393344	0.133852	-0.0562729	-0.102729	0.25516	-0.357406	-0.121082	-0.0769207	-0.0423019	-0.0922489	-0.0686989	-0.0640521	-0.0653603	0.112898	-0.0192377	-0.296422	-0.0291119	0.358401	0.0558956	-0.180851	0.00699744	-0.509186	
-0.29582	-0.0436649	0.39309	-0.0651888	-0.461341	0.0933161	0.134462	0.00110971	-0.0253639	0.0348863	0.144925	0.249322	-0.242661	1	-0.217732	-0.177034	0.406083	-0.0656005	0.164591	0.0811213	-0.195828	-0.21467	0.214945	-0.0794514	-0.274246	0.139307	0.104589	0.356452	0.0348969	0.118994	-0.253705	-0.125344	-0.324814	0.100628	-0.0626324	-0.135223	0.110887	-0.0653788	0.114054	0.0565056	-0.394629	-0.126603	0.118546	0.182564	0.116619	0.103455	0.0166306	0.123867	0.273358	0.0156428	0.216324	0.125032	-0.170577	0.10065	-0.129666	-0.276441	0.259875	0.181453	0.361671	-0.105129	0.17618	-0.135222	-0.0368576	0.244475	0.0531932	-0.0236589	0.249785	0.321186	-0.122679	0.300726	0.487744	-0.355203	0.109191	0.375979	-0.138813	0.241525	-0.257961	-0.506545	-0.198989	0.0461786	0.176774	0.369608	-0.435981	0.0710367	0.0562035	0.25341	0.120853	0.235295	0.0518907	-0.00572971	0.268118	0.302798	0.425873	0.0622308	-0.186922	0.252102	0.0497816	0.114652	0.196222	0.283652	-0.159526	0.324596	0.0919342	-0.0161673	-0.273627	0.162127	-0.0898573	0.335392	-0.251721	0.134062	0.400131	-0.0387123	-0.168955	0.10889	0.232043	-0.0364658	0.0894114	-0.213518	-0.057224	
-0.103093	0.176084	0.106299	0.348477	-0.253663	0.165024	-0.00970813	0.323587	0.403336	-0.155099	-0.218288	0.232015	0.462957	-0.217732	1	0.166975	0.399958	-0.29142	-0.177534	-0.0283769	-0.0156576	-0.0344224	-0.0496297	-0.256267	0.336396	0.13937	0.502867	-0.5771	0.0756459	0.137792	-0.344972	-0.0028579	0.0320234	0.226806	0.200677	0.288463	-0.0301157	-0.397445	-0.261716	-0.0195124	-0.212085	0.38574	0.0261487	-0.212598	-0.0534914	-0.0738343	0.391227	-0.132194	-0.175363	-0.413651	-0.317378	-0.21471	0.282646	0.220004	-0.227846	0.200476	-0.518114	0.119379	-0.125451	0.100076	0.0448371	0.0161371	-0.38043	0.137919	0.188062	-0.282937	0.112431	0.193596	-0.430027	0.0129308	-0.357502	-0.0470737	-0.525657	-0.228172	0.0911975	-0.384779	-0.392682	0.233076	-0.117465	-0.166121	0.0423961	-0.0559518	0.129438	-0.515882	-0.0548859	-0.432424	0.246758	-0.078902	-0.201551	-0.119919	-0.408145	-0.384847	-0.429532	-0.173936	-0.176679	-0.0571816	0.284112	-0.163578	-0.191535	-0.0195335	0.284588	-0.0192902	-0.315357	-0.183858	0.0222831	0.238079	0.053966	-0.0262669	0.414404	0.32622	-0.237168	0.237972	-0.256028	-0.276164	0.265917	0.312728	0.0591459	-0.190875	-0.427003	
-0.290578	0.13686	0.0692517	-0.0690921	0.431317	-0.183102	-0.21601	0.282707	-0.147026	0.136479	-0.0312302	0.119088	-0.338988	-0.177034	0.166975	1	0.212534	-0.560788	0.523623	-0.0412704	0.18579	0.322438	0.00271095	0.0976637	0.313275	-0.134706	0.0658031	-0.164701	0.329175	0.214433	-0.186303	0.275337	-0.316328	-0.0222339	0.316607	0.24098	-0.0194654	0.263341	0.110885	0.322188	-0.0925008	0.0560819	0.274212	-0.429363	-0.207698	-0.469507	0.11197	-0.00299676	-0.170321	-0.142949	0.117815	-0.34751	-0.0690266	0.504377	0.422344	0.0927251	-0.335448	-0.301517	-0.0808894	-0.211983	-0.269955	0.395545	-0.167483	-0.108743	0.14428	0.193078	-0.0597041	-0.181543	-0.153306	0.159557	-0.352913	0.106033	0.117504	0.114315	-0.208716	0.00796245	0.122667	0.0554206	-0.228199	0.175985	-0.300357	0.133988	0.10191	0.304142	-0.228824	-0.208743	0.042807	0.0413203	0.346884	-0.101489	-0.0395191	-0.580313	-0.289291	-0.26213	0.257187	0.0126969	-0.228768	-0.170593	-0.0567104	-0.0167767	0.328179	-0.413874	-0.204725	-0.118752	0.194713	-0.143712	-0.0753334	0.247098	0.198765	0.406764	-0.459401	0.42124	-0.151761	0.211208	-0.497169	0.169444	0.0583419	-0.055097	0.384656	
-0.191287	-0.143081	0.110102	0.0352011	-0.215675	0.254476	-0.26639	0.101534	0.181729	0.0505556	0.141113	0.301634	0.0867617	0.406083	0.399958	0.212534	1	-0.243294	0.234778	-0.231164	-0.188445	0.182837	-0.0112817	-0.481777	0.253321	-0.102132	0.453704	-0.218058	0.151176	0.0896088	-0.129205	-0.275526	-0.183164	0.182135	0.14014	0.114954	-0.0949102	-0.0775578	0.0348153	0.147196	-0.480102	0.0023347	0.0841729	-0.0882168	0.0181179	-0.237695	0.406338	0.146409	0.104742	0.0211975	0.121841	-0.130422	0.265628	0.29104	-0.0980726	0.112149	-0.510758	-0.158302	0.290515	-0.160495	0.0587524	-0.0156888	-0.193818	0.28629	0.161089	-0.357437	0.0918251	0.60828	-0.188063	0.249191	-0.00610512	-0.162797	-0.202738	0.0701127	-0.21333	-0.257905	-0.582504	-0.335776	-0.265341	0.202468	0.116575	-0.00247941	-0.275581	-0.0883905	-0.014642	-0.0738545	0.435012	0.159552	0.18026	0.0169749	-0.105274	0.0991416	-0.0682879	-0.113307	-0.0900741	0.228029	0.167726	-0.275497	-0.218213	0.0650445	0.354403	-0.164925	-0.0420479	-0.381326	-0.212279	0.326067	-0.156128	0.452933	-0.0021893	0.452778	-0.0884026	0.111108	-0.450178	-0.221135	0.101473	0.456306	-0.026949	-0.185455	-0.157794	
0.519973	0.140657	-0.143108	-0.395688	-0.0541539	-0.0934031	0.266498	-0.261674	-0.131776	-0.369778	0.0892901	-0.25608	0.0948423	-0.0656005	-0.29142	-0.560788	-0.243294	1	-0.268778	-0.00169251	0.0547112	-0.502439	-0.257821	0.161507	-0.267146	-0.266963	-0.15036	0.410138	-0.215606	-0.193476	0.16927	-0.0200226	0.294531	-0.0980179	-0.228041	0.136391	-0.240532	-0.339035	-0.163463	0.0630546	0.566514	0.16787	-0.164854	0.128124	0.0388927	0.329033	-0.0868219	-0.384434	0.224822	0.147146	-0.0189273	0.51045	-0.0574466	-0.453835	0.0917838	-0.231131	0.294061	-0.0928958	-0.145467	0.0158436	0.291511	-0.184977	0.335129	-0.153968	0.130009	-0.0999757	-0.173217	-0.0565874	0.36696	-0.134798	0.470058	-0.0331598	0.0965234	0.203502	0.368093	0.00288937	-0.134677	-0.177613	0.164207	0.0985966	0.476865	-0.0831502	0.0377672	0.0886067	0.128907	0.369441	0.115248	0.0384166	-0.0438546	0.237532	0.0282304	0.536597	0.245117	0.449301	0.0148441	-0.179325	-0.129043	0.360282	-0.202705	0.186795	-0.203732	0.0228535	0.0815741	0.0130733	0.0242958	0.114076	-0.208488	-0.190259	-0.259928	-0.254837	0.118816	-0.660791	0.0384416	-0.0901075	0.261996	-0.163582	0.0468633	-0.216734	-0.249741	
-0.209914	-0.232512	0.168913	-0.259545	0.0107432	0.0714827	0.0279364	0.154301	-0.194753	-0.0920108	0.0811152	0.0890802	-0.300717	0.164591	-0.177534	0.523623	0.234778	-0.268778	1	0.143409	0.216497	0.381642	0.310802	-0.143478	-0.15995	-0.0448854	-0.136266	0.284779	0.00360742	0.176763	-0.0127376	0.372785	-0.174582	-0.129797	0.105201	0.304368	-0.353191	0.489231	0.0558115	0.341618	-0.0596035	0.227328	0.0412947	-0.10326	-0.0222857	-0.110862	-0.0583081	0.0661542	0.260361	-0.252055	0.391504	-0.20694	-0.219248	0.308862	0.0787643	0.116638	-0.353978	-0.129913	0.169157	-0.109742	-0.120526	0.151522	0.132238	0.293936	-0.246595	0.0196781	-0.252723	-0.0768299	0.169127	-0.0170887	-0.0687771	0.230035	0.260985	0.0457403	-0.0288389	0.0435257	0.0217697	-0.00709322	-0.0404403	0.281942	-0.0555098	0.0524391	-0.365555	0.52013	-0.0113858	-0.0628324	-0.196531	0.0806165	0.146424	0.263153	-0.0408074	-0.0747262	0.115369	-0.351997	-0.119933	-0.0622935	-0.0131051	-0.353869	0.0834116	0.0293382	-0.00601225	0.140203	-0.20201	-0.0681448	0.46903	-0.310202	0.215727	0.351431	-0.423871	0.291333	-0.299482	0.241589	0.0370787	0.287564	-0.310297	-0.384515	0.24572	0.154558	0.388354	
0.27693	0.118924	0.465155	0.280471	-0.11295	0.0128852	0.257095	0.370177	-0.483689	0.277497	-0.242111	0.175296	-0.304134	0.0811213	-0.0283769	-0.0412704	-0.231164	-0.00169251	0.143409	1	0.296275	-0.156735	0.27822	0.491044	-0.231678	-0.193126	0.17175	-0.0679665	-0.156282	0.195285	-0.237362	0.188893	0.184321	0.166348	0.242992	0.218271	-0.14453	0.32881	0.0345017	-0.0914256	0.0718858	0.230691	-0.0788455	0.289884	0.206173	0.0227519	-0.12161	0.225436	0.444829	-0.36689	0.0772345	0.387169	0.24984	-0.107095	0.146426	0.132834	0.160222	0.129493	-0.400668	-0.255259	0.349134	-0.264108	0.0818549	-0.050095	-0.188304	0.00132562	0.196087	-0.0301805	0.589069	0.30363	-0.164166	0.0461582	-0.0110601	0.213876	0.424404	0.195494	0.14542	0.101984	-0.0681385	0.242841	-0.0827812	-0.225911	0.0631105	-0.0714601	0.109065	-0.105253	-0.0239539	-0.236221	0.188946	0.0799281	-0.246046	-0.142319	0.238644	0.315206	0.0298353	-0.134084	-0.184027	0.199367	-0.340891	-0.364355	0.106383	0.0676946	-0.124633	0.0534054	0.450757	0.118426	0.0769189	-0.160989	0.105109	0.119749	0.20273	-0.0154808	0.590237	0.199557	-0.229765	-0.260261	0.378384	-0.122662	0.0145244	
-0.0528913	-0.0680741	-0.056665	0.289232	0.177275	0.131818	-0.155892	0.142788	0.211996	0.0793334	-0.235579	0.00326051	0.0420375	-0.195828	-0.0156576	0.18579	-0.188445	0.0547112	0.216497	0.296275	1	-0.124696	0.361996	0.105473	-0.258885	0.0451603	-0.0213761	0.198795	-0.0273251	-0.194409	-0.153362	0.308396	0.250123	0.115484	0.384279	0.0773633	0.0398896	0.335674	0.0924457	0.0247363	0.172923	0.326884	-0.155247	0.225537	-0.12303	0.0516685	-0.127795	-0.0703956	0.106101	-0.15571	0.505113	0.230326	-0.0265078	0.0573528	0.450065	-0.292682	-0.0610884	0.215627	-0.122554	-0.0725622	0.364504	0.0366049	-0.0278899	-0.0105186	-0.240747	0.0774457	0.301344	-0.220386	0.162165	-0.0516259	-0.148161	0.128649	0.48426	0.0485558	0.0680301	0.108838	0.528782	0.120299	-0.143476	0.431946	-0.12199	-0.172081	-0.0853398	0.363362	0.411327	0.0121532	0.117073	-0.285853	0.186658	0.132096	0.0792376	0.0266482	-0.326552	-0.230965	0.000387293	-0.0463472	-0.385496	0.103785	-0.0388846	-0.270513	0.0509835	0.225524	0.0212322	0.241904	0.47924	-0.138	0.142673	0.0700636	-0.308104	0.220981	0.144833	0.0389648	0.358827	0.292246	-0.148166	0.0470683	0.547097	0.128559	0.0711598	
0.083024	-0.482602	-0.231798	0.0133286	0.182546	-0.00315504	-0.507349	0.137566	0.152141	-0.0234262	0.236277	-0.26885	-0.145487	-0.21467	-0.0344224	0.322438	0.182837	-0.502439	0.381642	-0.156735	-0.124696	1	0.195415	-0.202796	0.22134	0.0487763	-0.0787528	0.0103094	0.12806	0.292206	0.524459	0.26381	0.172455	-0.528075	-0.0634526	-0.0330854	-0.203837	0.405343	0.101112	0.0450622	-0.134009	-0.00502055	0.234598	0.0531307	0.319535	-0.223199	-0.00538443	0.191725	0.0311528	0.0859062	0.0411471	-0.477339	0.0598126	0.383316	0.103537	0.456624	-0.528303	-0.0585921	0.070287	0.126819	-0.381654	0.222483	0.0403384	0.371405	-0.0945865	0.272525	-0.295903	-0.0504005	0.117751	0.055639	-0.456378	0.211264	0.190341	-0.113056	-0.12874	0.0783886	0.179776	0.458589	0.0590585	0.0677236	-0.302771	-0.1127	-0.423904	0.203972	-0.00123777	-0.0911313	-0.11121	-0.0589083	-0.0543228	0.0533175	0.0355703	-0.258802	-0.13726	-0.533901	-0.0731406	3.2398e-005	0.133306	-0.277569	0.000139147	-0.194553	0.238238	-0.187082	-0.0760429	-0.0938912	0.132153	-0.360328	0.214533	-0.102119	-0.0596309	0.161429	-0.363631	0.19598	-0.141427	-0.00175127	-0.413396	0.0836196	-0.0929635	0.474556	0.258536	
-0.219485	-0.273719	0.0949179	0.173143	-0.173246	0.261026	-0.212082	-0.0622307	0.14381	-0.025236	0.00792894	-0.0249366	0.0200652	0.214945	-0.0496297	0.00271095	-0.0112817	-0.257821	0.310802	0.27822	0.361996	0.195415	1	0.185403	0.00216324	0.112949	-0.208709	0.0865967	-0.0294863	0.000135679	-0.10011	0.239607	-0.293661	-0.133393	-0.0516698	-0.0891261	0.0827367	0.0833658	-0.321749	-0.140967	-0.113894	0.436919	-0.332319	0.147998	0.318471	0.0646718	-0.403008	-0.133181	-0.0170472	-0.563104	0.584568	-0.313057	0.0396548	-0.0990982	0.0386463	-0.0015772	-0.153705	0.0657494	0.124455	0.186265	0.10819	-0.111283	0.317902	0.548891	-0.469061	0.192022	0.254758	-0.256677	-0.108721	-0.303269	-0.299286	-0.0853403	0.281028	0.246555	0.117227	-0.0387249	0.286054	-0.0222615	-0.123592	-0.0313507	-0.425853	0.147345	-0.237994	0.126063	0.308703	-0.174432	0.0198337	-0.0597814	0.0889772	-0.238044	0.30286	-0.108968	0.0174096	-0.407673	-0.658905	-0.111315	0.154775	-0.188426	-0.0901727	0.110422	-0.384757	0.525213	-0.196666	0.150161	0.170265	-0.263189	0.270067	-0.217925	-0.144507	-0.156707	0.0509463	-0.060841	0.245476	0.073376	-0.287626	-0.0387663	0.188087	0.561753	0.0818087	
0.280333	0.197024	0.335958	-0.241727	0.0178266	-0.310561	0.0914244	0.160207	-0.511421	0.0129069	-0.0314464	0.0602873	-0.243462	-0.0794514	-0.256267	0.0976637	-0.481777	0.161507	-0.143478	0.491044	0.105473	-0.202796	0.185403	1	0.00432063	-0.495598	-0.172004	0.119893	0.140153	0.0962154	-0.222527	0.41752	-0.153017	-0.0464352	0.0319684	-0.133429	0.0121878	-0.021754	0.0374977	-0.00217952	0.420266	0.266537	0.0578528	-0.136573	0.174418	-0.0975163	-0.00044415	-0.226838	0.0486207	-0.286858	0.190095	0.384488	0.0914944	0.0595137	0.324419	-0.13725	0.470161	-0.325309	-0.31668	-0.180517	0.136905	-0.174237	0.110819	-0.0954751	-0.00389558	0.218991	-0.0430739	-0.349879	0.23	0.244791	-0.22494	-0.238813	0.058076	0.389468	0.264531	0.383243	0.335577	0.120346	0.0178918	-0.0316725	-0.120046	0.105524	0.151443	0.0121239	0.152711	-0.169323	-0.103398	0.260101	0.155377	-0.314072	0.106307	-0.373726	0.179798	0.463683	-0.0211065	-0.382515	-0.152984	0.260022	-0.178343	0.165487	-0.00972021	-0.105508	-0.162034	0.138413	0.279827	-0.184866	-0.168841	-0.306376	0.0862303	-0.240075	-0.0670611	-0.0178674	0.398509	0.350421	-0.33926	-0.0916196	-0.0231411	-0.131914	0.0800767	
0.0950346	0.0913394	0.0796841	-0.00430728	0.165394	-0.152972	-0.427598	-0.276508	-0.0310312	0.324786	0.46213	-0.0878372	0.0603283	-0.274246	0.336396	0.313275	0.253321	-0.267146	-0.15995	-0.231678	-0.258885	0.22134	0.00216324	0.00432063	1	0.00518555	0.0592683	-0.493619	-0.0361855	-0.353192	0.000778179	-0.103394	-0.223612	-0.0507615	0.173808	-0.0834954	0.168897	-0.282331	-0.0329571	-0.121074	0.0950347	-0.0337901	-0.0568198	-0.33429	0.208966	-0.348037	-0.00448452	-0.215666	-0.152941	-0.175517	-0.0358466	-0.398311	0.0167918	0.130251	-0.156166	0.151117	-0.357943	-0.177983	0.184141	0.0549616	0.00659808	0.0992651	-0.00118194	0.0589015	0.0344803	-0.0229078	-0.0177535	0.087721	-0.258783	-0.157003	-0.459436	-0.0914161	-0.292007	-0.0527258	0.0863698	-0.562535	-0.329377	0.0354186	-0.0367489	-0.182057	-0.269408	0.0116083	0.26095	-0.173352	-0.141217	-0.147557	0.11345	-0.115444	0.204702	-0.527539	-0.250528	-0.253614	-0.163624	-0.118614	0.0242282	-0.148113	0.273883	-0.0905943	-0.571312	0.345807	-0.0822262	-0.353395	-0.15506	-0.144877	-0.386655	0.162314	-0.0243664	-0.145045	0.597294	0.105611	-0.36072	0.250851	-0.32874	-0.36712	-0.0920585	0.457482	0.081221	-0.037772	-0.336141	
-0.271509	-0.197146	-0.119601	0.389853	0.0114021	0.000798894	-0.0905903	-0.324057	0.313104	0.0280004	0.106786	-0.0654689	0.0416821	0.139307	0.13937	-0.134706	-0.102132	-0.266963	-0.0448854	-0.193126	0.0451603	0.0487763	0.112949	-0.495598	0.00518555	1	0.210723	0.148403	-0.372301	-0.260424	-0.0132056	-0.16389	0.104175	-0.207029	0.0612	0.0938559	0.251221	-0.011067	0.0725336	-0.0748426	-0.260647	-0.151362	-0.0513222	0.328619	0.0300822	0.387436	-0.212104	-0.109732	-0.169585	-0.0167966	-0.314389	-0.320544	-0.329731	0.0591713	-0.309751	0.108314	0.0674701	0.546924	0.0281891	0.472199	0.0927419	0.273281	-0.0244121	0.194143	-0.0762208	0.196963	0.125479	0.149225	-0.424816	-0.262759	0.147227	0.319459	-0.15657	-0.343861	-0.239252	-0.262184	0.070685	0.188861	0.0166343	-0.288701	0.196871	0.317443	-0.0336955	-0.0437545	-0.0184044	0.00694333	-0.223195	-0.304902	-0.357841	0.158835	-0.178109	0.0847436	0.0802971	-0.607695	-0.134396	0.41794	-0.0495869	0.282307	0.222978	0.0317515	-0.34912	0.324031	0.100019	0.402474	-0.287133	0.173478	0.261195	-0.113132	-0.0408367	-0.201575	0.235047	0.118058	-0.0109407	0.00616005	0.192373	-0.2073	0.150054	0.0430356	-0.126438	
0.0239173	0.193305	0.0423125	0.433056	-0.179834	0.0482303	0.0585855	0.0893446	-0.0717614	0.132904	-0.28064	0.295848	0.130861	0.104589	0.502867	0.0658031	0.453704	-0.15036	-0.136266	0.17175	-0.0213761	-0.0787528	-0.208709	-0.172004	0.0592683	0.210723	1	-0.218657	-0.0772568	0.166674	-0.169247	-0.262679	0.0443101	0.157931	0.278078	0.231613	0.187993	-0.0137193	0.104879	0.257774	-0.332989	0.0743234	0.0127485	0.016441	-0.0319597	-0.163571	0.385531	0.0291258	0.0487583	0.0329981	-0.416121	0.202692	0.265049	0.191409	-0.0601938	0.213717	-0.159941	0.23897	-0.226947	-0.0415947	0.328748	0.0376925	-0.34222	0.00939529	0.156924	-0.262507	0.398897	0.606315	-0.145306	0.544628	-0.0764355	0.0674655	-0.549123	0.09177	-0.202493	-0.110618	-0.266185	0.110443	0.131467	-0.126975	0.243557	0.0827465	0.147191	-0.576859	0.138206	-0.411011	0.226821	0.0611659	-0.0532087	0.203151	-0.405114	-0.221319	0.17718	0.0101645	0.162534	0.309818	-0.118346	0.250377	-0.148814	-0.30473	0.503389	-0.185029	0.135574	-0.0316861	-0.214045	0.714088	-0.370271	0.185582	0.0388521	0.136385	0.0261909	0.15015	-0.14817	-0.04518	-0.0578856	0.0358078	0.00614869	-0.38558	-0.186613	
0.0440376	-0.366681	0.00562413	-0.504581	-0.0557875	0.00185042	-0.00682391	-0.111762	-0.0972058	-0.39797	0.277233	-0.0663656	-0.319723	0.356452	-0.5771	-0.164701	-0.218058	0.410138	0.284779	-0.0679665	0.198795	0.0103094	0.0865967	0.119893	-0.493619	0.148403	-0.218657	1	-0.0706585	-0.0578857	0.189694	0.420253	0.100417	-0.498054	-0.272136	0.087879	-0.134915	0.0953075	0.174053	0.398422	0.244819	0.13278	0.111274	0.255492	0.0619087	0.292061	-0.0792553	-0.244673	0.153681	0.0621472	0.287238	0.252893	-0.405021	0.248538	0.117403	-0.256558	0.285779	0.112911	0.135601	0.0655166	0.0947526	0.0679603	0.364068	0.218606	0.150621	0.325847	-0.216972	-0.124954	0.18576	0.108865	0.555953	-0.0743311	0.509245	0.204167	-0.141766	0.332399	0.25487	-0.081072	-0.00993504	0.0218614	0.383615	0.205391	-0.531095	0.514593	0.23509	0.341605	-0.294608	0.20523	-0.291271	0.262984	0.352167	0.331448	0.378201	-0.114087	-0.0165947	0.157586	-0.293939	0.317435	0.369514	0.268569	-0.316055	0.294855	0.168568	0.35041	0.195138	-0.166028	0.0143105	0.0746789	-0.672121	-0.200381	0.14101	-0.204565	0.0869288	0.262786	0.0151111	-0.359248	0.192894	-0.104654	0.24056	
-0.140151	0.112354	-0.101577	-0.207484	0.152142	0.280615	0.0679072	0.395996	0.216931	-0.0396225	-0.46022	-0.0683111	0.177629	0.0348969	0.0756459	0.329175	0.151176	-0.215606	0.00360742	-0.156282	-0.0273251	0.12806	-0.0294863	0.140153	-0.0361855	-0.372301	-0.0772568	-0.0706585	1	0.298871	0.153436	0.347381	-0.234822	0.236968	-0.0419105	-0.29486	-0.341602	0.0367195	-0.339483	0.447911	-0.157934	-0.120165	0.538872	0.0424257	-0.16643	-0.228546	0.0389155	0.259658	-0.0530673	-0.0125456	0.22188	-0.124375	0.105484	0.137845	0.286687	-0.0087748	-0.0500939	-0.261845	0.22621	0.274743	-0.34126	-0.395554	-0.220742	-0.0785412	0.46258	0.140995	-0.0334119	-0.132558	-0.161468	0.265175	-0.154152	0.049028	0.185268	0.119035	-0.114661	0.433896	0.0895189	-0.138691	-0.47481	-0.0832033	-0.265256	0.382167	-0.234321	0.135609	-0.182131	-0.181276	0.0289228	0.214689	0.00469924	0.127146	0.384132	-0.273095	-0.514239	-0.02913	0.0207098	-0.247021	-0.113238	-0.246368	0.224193	-0.246885	0.121751	-0.0878017	-0.331119	-0.516728	-0.0713956	-0.355484	-0.0290918	0.234947	0.0105304	0.18906	0.144139	0.136538	-0.42658	0.000987307	-0.0715771	0.279302	-0.472621	-0.106558	0.0378584	
-0.0284728	0.271588	-0.0375326	0.0930809	-0.193245	-0.199994	0.247012	0.570209	0.0665439	-0.266846	-0.437044	-0.122734	-0.168928	0.118994	0.137792	0.214433	0.0896088	-0.193476	0.176763	0.195285	-0.194409	0.292206	0.000135679	0.0962154	-0.353192	-0.260424	0.166674	-0.0578857	0.298871	1	0.182135	0.178152	-0.0585399	-0.212108	-0.202255	0.131659	-0.131732	0.0394712	-0.2627	0.0641369	-0.248532	0.156992	0.322992	-0.213197	0.211044	-0.136546	0.0150008	0.0223832	0.124783	0.0856196	-0.309334	-0.10411	0.185745	0.0322423	0.352126	0.236432	-0.176142	0.102698	-0.27386	-0.115538	-0.360513	0.0880212	-0.17044	-0.0373598	0.139524	0.0466611	0.0794729	-0.256154	0.0847113	0.42166	-0.0922538	-0.0907982	0.0586446	0.446094	0.0639404	0.574065	0.0916876	0.206801	0.165223	0.0528315	-0.211345	0.0934426	-0.128166	-0.206436	-0.142211	0.0125974	0.253655	0.147665	0.147949	0.176679	0.204997	-0.381447	0.0253152	0.0396978	-0.001982	-0.052429	-0.031779	0.039909	0.191977	-0.249275	0.556742	-0.0792717	-0.0422517	-0.243016	0.174084	-0.149454	-0.107204	0.0244057	-0.0247596	0.344206	-0.183026	-0.174206	-0.220737	0.0456836	-0.191547	-0.178063	-0.21674	0.228442	0.20724	
0.200138	-0.244166	-0.558933	-0.159218	0.262277	-0.0711267	-0.271871	-0.0117734	0.183742	0.0805608	-0.0517395	-0.556922	0.0145356	-0.253705	-0.344972	-0.186303	-0.129205	0.16927	-0.0127376	-0.237362	-0.153362	0.524459	-0.10011	-0.222527	0.000778179	-0.0132056	-0.169247	0.189694	0.153436	0.182135	1	0.0440624	0.230063	-0.366676	-0.218317	-0.115472	-0.182266	0.167089	-0.265265	0.01909	0.114365	-0.268244	0.0126027	0.171702	0.451521	-0.0440647	-0.488756	0.0373922	0.202223	0.485923	-0.145832	-0.0931409	-0.0943565	-0.215098	0.0810399	0.321496	-0.156723	0.177974	0.230106	0.343611	-0.451033	-0.199655	0.18265	0.0203349	0.094974	-0.0140836	-0.199851	-0.0820262	0.2536	-0.0194728	0.0126016	0.295626	0.33154	0.0125352	0.0140494	0.272838	0.193875	0.195676	0.158637	0.0346334	-0.126003	-0.011322	-0.145857	0.160723	-0.0284922	0.387192	-0.0204884	-0.252407	0.048869	0.334632	0.246996	0.180778	0.0505791	-0.0951207	0.118186	-0.0969411	-0.178137	0.113054	0.0255514	-0.308587	0.0154729	-0.117117	0.136179	0.0120571	-0.156149	-0.232604	0.0854026	-0.00839609	-0.211843	0.0191344	0.0951237	-0.32736	-0.301699	-0.269403	-0.138802	-0.0869825	-0.178874	0.376775	0.0893341	
0.196076	-0.15096	0.14409	-0.307361	-0.128567	0.0740646	0.00909768	0.28737	0.065971	-0.400404	-0.0384403	-0.153487	0.0741851	-0.125344	-0.0028579	0.275337	-0.275526	-0.0200226	0.372785	0.188893	0.308396	0.26381	0.239607	0.41752	-0.103394	-0.16389	-0.262679	0.420253	0.347381	0.178152	0.0440624	1	0.0204737	-0.265723	-0.0579198	0.0698753	-0.435012	0.213865	-0.0129446	0.320824	0.401715	0.542432	0.41758	0.0629586	0.186426	-0.00404043	0.010799	-0.21262	0.0636981	-0.499901	0.295877	-0.0240756	-0.292599	0.461626	0.222702	0.0804748	-0.141412	-0.0663493	0.091726	0.132699	-0.0610724	-0.0996105	0.0617881	0.398299	0.00683262	0.328807	-0.328365	-0.486544	0.165947	0.0721888	-0.314946	0.0360877	0.317947	0.0424207	0.119567	0.374862	0.399156	0.324155	-0.110919	-0.0720899	0.00493497	0.150485	-0.436286	0.333244	-0.0180535	-0.209205	-0.463361	0.0349475	-0.194134	-0.045814	0.0135271	-0.198828	-0.119137	-0.151408	-0.267895	-0.49718	0.0734087	-0.100568	0.182371	0.150641	-0.126461	0.221422	-0.456112	0.0363066	0.605071	-0.501896	0.187566	-0.0912031	-0.265397	0.163651	-0.128857	0.158402	0.0207039	0.319538	-0.0635766	-0.256634	0.242359	-0.0939463	-0.0367944	
0.603828	-0.16364	-0.169137	0.189851	0.175333	-0.158097	-0.0900374	0.199102	0.180096	-0.133266	0.103816	-0.321388	0.0134512	-0.324814	0.0320234	-0.316328	-0.183164	0.294531	-0.174582	0.184321	0.250123	0.172455	-0.293661	-0.153017	-0.223612	0.104175	0.0443101	0.100417	-0.234822	-0.0585399	0.230063	0.0204737	1	-0.155506	0.303261	0.157335	-0.353252	0.151481	0.251855	-0.145973	0.333153	0.0225491	0.129566	0.491424	0.0165747	0.247181	0.19178	0.202448	0.456267	0.311064	-0.215743	0.355625	0.104576	-0.0171262	0.159326	-0.00731986	-0.0184694	0.169562	-0.428986	0.0793903	0.221976	0.0881293	-0.206257	-0.111555	0.0730551	0.133212	-0.279494	0.196423	0.453108	0.0478983	0.0040299	0.364242	0.0861041	-0.251128	0.44541	0.0497027	0.0100537	0.569947	0.0833482	0.468043	0.348347	-0.360163	-0.316654	0.184997	0.298707	0.217232	0.154872	-0.295335	-0.275339	0.509131	-0.328025	0.157846	-0.214293	-0.0854724	0.181346	-0.0723963	-0.127693	0.252241	-0.242728	-0.421011	0.25554	-0.214381	-0.0493942	0.00624708	0.222059	-0.147097	0.117695	-0.363529	-0.0556991	0.111104	-0.00195855	-0.157997	0.208237	0.172511	0.060191	0.0939436	0.189363	-0.0322266	-0.188031	
-0.209468	0.308485	0.0465102	0.256792	-0.0395581	0.218816	0.214892	0.183687	0.0742223	0.387286	-0.493751	0.263843	0.430569	0.100628	0.226806	-0.0222339	0.182135	-0.0980179	-0.129797	0.166348	0.115484	-0.528075	-0.133393	-0.0464352	-0.0507615	-0.207029	0.157931	-0.498054	0.236968	-0.212108	-0.366676	-0.265723	-0.155506	1	0.515996	-0.0712783	0.0419719	0.0872231	-0.00331725	-0.15526	-0.0754201	-0.126947	-0.165236	0.00948671	-0.319734	-0.259443	0.0690131	0.45994	0.0829161	-0.00524846	0.0509269	0.314027	0.00191373	-0.193818	-0.145697	-0.175137	0.122181	-0.112757	0.231119	-0.145491	0.00955332	-0.396065	-0.531167	-0.147442	-0.136281	-0.48273	0.21226	0.37274	-0.106496	-0.0194522	-0.0689019	0.0951763	-0.208719	-0.18484	0.0497166	-0.00522573	-0.173188	-0.292612	-0.21317	0.207376	0.052708	-0.00365738	0.292544	-0.138659	-0.0703884	-0.19791	0.0884855	-0.147348	0.198935	0.028516	-0.25338	0.0807013	-0.133698	0.434138	-0.0187681	-0.26844	0.0920837	-0.316332	-0.00858985	-0.298363	0.0490614	-0.0526415	-0.270318	-0.114888	-0.066703	0.117403	-0.210779	0.334819	0.173801	0.210715	0.362671	0.183835	0.00733227	0.163738	0.16503	0.192474	-0.0523585	-0.346769	-0.152081	
