1	0.850954	0.787832	0.45165	0.913052	0.685511	0.500718	0.180862	0.153982	0.313149	0.286398	0.391085	0.233896	0.86088	0.365372	0.166561	0.329711	0.192828	0.219421	0.173593	0.059674	0.634027	0.321067	0.327228	0.263558	0.0967549	0.228549	0.155639	0.56474	0.325695	0.24454	0.131159	0.173675	0.196402	0.211649	0.278123	0.196721	0.228489	0.313081	0.213867	0.555426	0.66502	0.111873	0.139285	-0.00247416	0.386277	0.227279	0.487683	0.820059	0.232097	0.640168	0.54064	0.477265	0.690482	0.631232	0.51018	0.424093	0.427382	0.354393	0.138484	0.124395	0.21088	0.189392	0.408799	0.225414	0.366397	0.404995	0.408811	0.1846	0.321115	0.328709	0.264924	0.380297	0.275052	0.269717	0.157011	0.351456	-0.0344829	0.229229	0.404281	0.0435711	0.169135	-0.171051	0.398398	0.248337	0.151283	0.352572	0.313842	0.275656	0.375916	0.288625	0.408772	0.21135	0.177323	0.252272	0.476647	0.334445	0.00660456	0.0440153	0.0696176	0.827967	0.394773	-0.0493797	0.566434	0.555212	0.710743	0.691812	0.204679	0.0260572	0.373531	0.480101	0.438382	0.246255	0.260899	0.233137	0.240429	0.193148	-0.0136358	0.359165	
0.850954	1	0.757982	0.537066	0.7347	0.549132	0.392196	0.191451	0.11875	0.402066	0.281925	0.369584	0.273889	0.80641	0.482883	0.133653	0.316402	0.151373	0.151366	0.128364	0.0626882	0.575586	0.337666	0.301033	0.260233	-0.0295235	0.160037	0.16859	0.535045	0.335595	0.234657	0.101272	0.187359	0.146197	0.0654892	0.189393	0.257869	0.120159	0.252683	0.0913315	0.54944	0.692544	0.0720877	-0.0333225	-0.036271	0.417011	0.233998	0.312222	0.732513	0.340727	0.500723	0.652424	0.424428	0.609139	0.492732	0.40783	0.403852	0.403334	0.345251	0.198383	0.248904	0.223992	0.274438	0.411189	0.295657	0.29278	0.406284	0.400593	0.157885	0.321273	0.297835	0.308524	0.320309	0.277419	0.17838	0.142382	0.318407	-0.0394705	0.28484	0.358888	0.102239	0.21444	-0.10243	0.331773	0.26596	0.111628	0.35139	0.149151	0.155561	0.317654	0.203754	0.305619	0.131674	0.195332	0.258304	0.318711	0.265818	0.0938776	0.186744	0.0878869	0.773584	0.323789	-0.113972	0.529963	0.397333	0.671872	0.58607	0.306161	0.0331582	0.315713	0.484919	0.345176	0.234617	0.283447	0.246003	0.226372	0.218462	0.0419491	0.182004	
0.787832	0.757982	1	0.416162	0.79917	0.805209	0.493405	0.148144	0.109654	0.460622	0.371362	0.394913	0.204539	0.758845	0.307659	0.135728	0.301694	0.155561	0.158833	0.102198	0.0751912	0.62276	0.355655	0.297435	0.260586	0.0160107	0.241451	0.155322	0.496663	0.304676	0.194658	0.0973337	0.19327	0.171099	0.187396	0.17278	0.24709	0.121314	0.410299	0.253631	0.517533	0.707353	0.0804709	0.0719112	-0.0213892	0.422626	0.305234	0.48214	0.684512	0.199443	0.569763	0.59847	0.49644	0.811024	0.75447	0.520182	0.473657	0.446627	0.312833	0.150627	0.216455	0.401196	0.318849	0.383814	0.272576	0.40986	0.36126	0.335911	0.0857714	0.274963	0.348593	0.364198	0.380038	0.241227	0.208384	0.112389	0.196612	0.0654269	0.321566	0.32609	0.0718253	0.182535	0.0229159	0.349088	0.328466	0.110695	0.320089	0.33218	0.260953	0.308603	0.386281	0.352175	0.181365	0.120854	0.321153	0.526022	0.239293	0.141637	0.16008	0.125227	0.702645	0.439922	0.109584	0.556576	0.488928	0.670828	0.562488	0.213349	-0.0592316	0.285043	0.408121	0.521105	0.251188	0.316998	0.241396	0.342584	0.291479	-0.0462195	0.18631	
0.45165	0.537066	0.416162	1	0.335968	0.555472	0.759173	0.19788	0.155289	0.324242	0.350979	0.189195	0.218368	0.266519	0.716277	0.410484	0.367008	0.215012	0.214017	0.150129	0.552704	0.138046	0.195715	0.375786	0.20334	0.256342	0.208629	0.248082	0.120409	-0.163701	0.319958	0.325027	0.267852	0.321126	0.482715	0.30124	0.111266	0.196044	0.417216	0.209684	0.0656161	0.316531	0.511811	0.215178	0.366421	0.287252	0.244324	0.321997	0.244055	0.640997	0.509785	0.658154	0.701068	0.584029	0.499106	0.759615	0.222062	0.161197	0.288838	0.175155	0.343839	0.328081	0.356399	0.245277	0.533788	0.637334	0.523017	0.253108	0.38301	0.196348	0.533179	0.335029	0.393	0.260703	0.354427	0.372321	0.354575	0.190758	0.203563	0.339613	0.364081	0.327237	0.0578501	0.349537	0.392142	0.29771	0.279734	0.403656	0.407466	0.222491	0.361533	0.424529	0.215106	0.45187	0.337711	0.205467	0.308955	0.218401	0.500134	0.519757	0.312957	0.30423	0.114567	0.194523	0.303534	0.252894	0.345433	0.0130746	0.280067	0.42099	0.549801	0.336213	0.253381	0.385446	0.54458	0.289163	0.308915	0.139818	0.395694	
0.913052	0.7347	0.79917	0.335968	1	0.732713	0.447385	0.225244	0.16592	0.395709	0.349441	0.531482	0.273697	0.881243	0.311484	0.190765	0.38787	0.245579	0.263857	0.241677	0.0999924	0.749501	0.473719	0.271664	0.263617	0.114793	0.213784	0.156439	0.617719	0.409404	0.270002	0.203805	0.282404	0.175563	0.203524	0.301873	0.145279	0.286209	0.272643	0.260437	0.636833	0.7272	0.121572	0.173212	0.0202039	0.460571	0.319411	0.484872	0.853914	0.192422	0.5923	0.438346	0.423505	0.697881	0.704739	0.466152	0.546245	0.508395	0.405896	0.134599	0.252772	0.313457	0.266197	0.503209	0.195982	0.403058	0.41155	0.500425	0.180841	0.403765	0.433148	0.341871	0.46316	0.370616	0.349528	0.21924	0.401527	-0.016039	0.282467	0.480456	0.0991572	0.276692	-0.0944358	0.473328	0.361722	0.0951938	0.349577	0.348183	0.342265	0.483472	0.261655	0.422077	0.304353	0.12798	0.32228	0.542124	0.316775	0.014023	0.0579752	0.164002	0.840803	0.423677	0.0672774	0.664516	0.516052	0.757688	0.706369	0.310337	-0.0168346	0.333425	0.424216	0.48585	0.356103	0.304174	0.174828	0.275488	0.243171	0.0110522	0.312837	
0.685511	0.549132	0.805209	0.555472	0.732713	1	0.569505	0.106396	0.0249534	0.429724	0.417758	0.401993	0.18795	0.5764	0.424662	0.209493	0.380452	0.17892	0.156998	0.120085	0.282316	0.48219	0.364756	0.262937	0.101518	0.157257	0.22762	0.0743479	0.308021	0.103261	0.185336	0.186371	0.268376	0.181598	0.330614	0.194889	0.139186	0.181276	0.384031	0.209629	0.303277	0.545694	0.198067	0.14668	0.119672	0.330631	0.278036	0.589352	0.5382	0.302609	0.623615	0.512972	0.587999	0.902171	0.896513	0.64782	0.401398	0.322629	0.244198	0.019961	0.238596	0.532825	0.369835	0.342419	0.356417	0.588161	0.384676	0.286043	0.134598	0.259079	0.438968	0.398989	0.503989	0.229723	0.255303	0.250937	0.254301	0.0420866	0.224756	0.308421	0.118252	0.258612	0.00776889	0.317748	0.331039	0.0708601	0.27497	0.413967	0.300979	0.307593	0.37448	0.340642	0.188716	0.178508	0.328461	0.57663	0.292368	0.0987489	0.226284	0.230571	0.50946	0.534837	0.182002	0.43734	0.54252	0.511596	0.502602	0.0877949	-0.0247844	0.355464	0.418159	0.624881	0.248584	0.327499	0.393871	0.347205	0.33757	-0.135124	0.258828	
0.500718	0.392196	0.493405	0.759173	0.447385	0.569505	1	0.130986	0.184093	0.194908	0.237863	0.188647	0.145269	0.291291	0.383898	0.376673	0.308364	0.194322	0.204699	0.0949614	0.402413	0.276039	0.193537	0.367233	0.216033	0.250143	0.325978	0.217758	0.209683	-0.109365	0.231348	0.275543	0.146124	0.405905	0.691922	0.316415	0.162852	0.169665	0.567294	0.371136	0.171322	0.305395	0.438142	0.288845	0.264186	0.308923	0.341413	0.447685	0.34485	0.357845	0.593334	0.629689	0.790654	0.60885	0.59849	0.913193	0.233816	0.190789	0.292553	0.159271	0.147787	0.258141	0.226101	0.239391	0.450978	0.61855	0.556639	0.206979	0.377389	0.0765723	0.458705	0.360394	0.357211	0.241012	0.344574	0.260611	0.243295	0.149832	0.272863	0.324646	0.266236	0.166366	0.108286	0.401877	0.306497	0.296632	0.246226	0.661363	0.480187	0.158984	0.558899	0.490427	0.226962	0.375613	0.316313	0.343426	0.397615	0.282355	0.36594	0.44175	0.433988	0.250785	0.212207	0.277057	0.297084	0.412816	0.40566	0.00488923	0.154643	0.235531	0.633088	0.336114	0.256681	0.423286	0.322954	0.387834	0.199018	0.158158	0.481097	
0.180862	0.191451	0.148144	0.19788	0.225244	0.106396	0.130986	1	0.888161	0.184626	0.348003	0.278938	0.795092	0.158766	0.0247949	0.858716	0.752088	0.948134	0.918186	0.926697	0.503033	0.13783	0.0878007	0.56234	0.566785	-0.121386	-0.295819	-0.0862268	0.0870484	0.138965	0.86873	0.206613	0.54685	-0.0958219	0.364338	0.822447	-0.257671	0.819601	0.166424	-0.0734544	0.168015	0.096175	0.672593	0.258199	0.711128	0.0536821	-0.011386	0.137088	0.148106	0.149586	0.122269	0.2148	0.177134	0.193353	0.246336	0.0710277	0.753669	0.729937	0.77724	0.740846	0.579578	0.0625394	0.370731	0.695476	0.291594	0.330129	0.285767	0.730067	0.440386	0.858724	0.602655	0.067981	0.596747	0.757826	0.754157	0.375154	0.654963	-0.048573	0.162989	0.770941	0.200751	0.705921	0.0303401	0.734321	0.59723	-0.0454253	0.452845	0.127317	0.53672	0.751938	0.0238546	0.0349002	0.389619	0.117619	0.153524	0.245583	0.203271	-0.0753049	0.203887	0.529438	0.187015	-0.03072	-0.0988818	0.0262521	0.134999	0.25329	0.0921239	0.037472	-0.0451323	0.263883	0.173515	0.107924	0.449064	0.120687	0.070593	0.154759	-0.000644886	0.157231	0.245179	
0.153982	0.11875	0.109654	0.155289	0.16592	0.0249534	0.184093	0.888161	1	0.104442	0.301061	0.260804	0.668788	0.0895499	-0.0747687	0.837355	0.648096	0.87383	0.933031	0.869017	0.414902	0.124741	0.0421896	0.597056	0.653927	-0.107228	-0.194587	-0.0309893	0.0963048	0.0730392	0.805526	0.178561	0.428583	-0.0199079	0.397186	0.877045	-0.279786	0.746829	0.15342	0.037587	0.143703	0.0156526	0.604303	0.329144	0.662169	0.0562125	0.0207558	0.14409	0.125652	0.102158	0.136919	0.203978	0.180885	0.127034	0.151144	0.11047	0.61467	0.667694	0.832325	0.890423	0.478176	-0.00495991	0.29858	0.573571	0.268928	0.295023	0.332787	0.622499	0.626945	0.742321	0.564088	0.0777846	0.546459	0.741391	0.707364	0.291027	0.575539	0.0442702	0.207121	0.744856	0.197407	0.579222	0.0525531	0.698153	0.49685	0.00656827	0.386795	0.162093	0.49131	0.605672	-0.0226265	0.0840834	0.361766	0.130029	0.1826	0.204294	0.247661	-0.0225708	0.160486	0.475053	0.191357	-0.116921	-0.0605459	-0.00578373	0.13216	0.235166	0.1138	0.0341698	0.0346916	0.201409	0.228477	0.000417927	0.409337	0.104158	-0.0384796	0.205577	-0.0405223	0.161576	0.321612	
0.313149	0.402066	0.460622	0.324242	0.395709	0.429724	0.194908	0.184626	0.104442	1	0.565396	0.745665	0.392301	0.480186	0.53852	0.150252	0.325046	0.0876798	0.144585	0.147395	0.254127	0.438583	0.498303	0.268469	0.192786	0.244073	0.241762	-0.0276829	0.165042	0.187849	0.236497	0.515612	0.600256	0.0714096	-0.0539365	0.074067	0.234322	0.227438	0.195185	0.120616	0.318905	0.649865	0.116336	0.100647	0.0788103	0.276549	0.346885	0.151276	0.260433	0.585624	0.131	0.15752	0.156858	0.405755	0.432832	0.137809	0.306243	0.257068	0.343661	0.231171	0.676276	0.666562	0.644448	0.359356	0.205475	0.382563	0.379171	0.260695	0.128971	0.280915	0.502879	0.378086	0.352246	0.289194	0.129709	0.358729	0.282923	0.123595	0.0557141	0.271062	0.391765	0.448285	0.0758164	0.243856	0.41675	0.109726	0.269313	0.0585762	0.182924	0.31397	0.187145	0.241399	0.305541	0.168551	0.464589	0.242414	-0.127934	-0.065759	0.34835	0.326892	0.263038	0.515699	0.285773	0.548772	0.262339	0.245371	0.24834	0.414146	0.0758959	0.450648	-0.00471608	0.497442	0.50992	0.410637	0.312246	0.0704024	0.270657	0.148902	0.110939	
0.286398	0.281925	0.371362	0.350979	0.349441	0.417758	0.237863	0.348003	0.301061	0.565396	1	0.592755	0.504874	0.252499	0.22858	0.349027	0.472563	0.370148	0.311904	0.271975	0.413688	0.281434	0.488121	0.0917559	0.0912748	0.240388	0.0970552	0.112955	0.0586501	-0.0703478	0.307605	0.416425	0.559684	0.0392358	0.265451	0.289618	-0.087383	0.330769	0.254267	0.186927	0.153332	0.446846	0.342967	0.278237	0.376973	0.184273	0.203213	0.368285	0.179286	0.248307	0.223729	0.279027	0.188958	0.419606	0.400098	0.311081	0.404245	0.301813	0.405788	0.350626	0.562406	0.506581	0.510723	0.394858	0.21596	0.364904	0.291062	0.355067	0.301915	0.332895	0.464887	0.166717	0.561093	0.347673	0.348934	0.328966	0.552493	0.227247	-0.0201136	0.353184	0.279915	0.470893	0.050315	0.448898	0.317414	0.111114	0.399809	0.287282	0.378009	0.420234	0.288937	0.20185	0.363929	0.0875355	0.29996	0.38693	0.089149	-0.113703	0.294965	0.408662	0.202734	0.51282	0.216042	0.375897	0.147097	0.157422	0.21005	0.113857	0.159308	0.385823	0.211316	0.477597	0.42362	0.357294	0.48122	0.0998932	0.315698	0.168244	0.294792	
0.391085	0.369584	0.394913	0.189195	0.531482	0.401993	0.188647	0.278938	0.260804	0.745665	0.592755	1	0.456514	0.534627	0.306138	0.27842	0.449008	0.278102	0.317875	0.280547	0.206404	0.600577	0.729692	0.240844	0.137651	0.254043	0.144273	0.0208917	0.282241	0.199907	0.30256	0.54766	0.646732	0.133244	0.0478382	0.257552	0.00772283	0.337547	0.0666652	0.154473	0.472277	0.629914	0.108421	0.170337	0.104326	0.361016	0.483217	0.1959	0.400162	0.335401	0.185616	0.160073	0.228545	0.377204	0.441252	0.195895	0.427183	0.374013	0.49603	0.346553	0.689645	0.540805	0.585914	0.473424	0.236115	0.31955	0.413716	0.428357	0.296256	0.400856	0.570261	0.423605	0.459653	0.45812	0.276767	0.417629	0.470011	0.0162782	0.0418467	0.424457	0.397636	0.486944	0.0848964	0.422725	0.37682	0.111082	0.295604	0.0943732	0.253652	0.417503	0.0332786	0.273233	0.352019	0.0251954	0.538604	0.246006	0.0281752	-0.138546	0.269697	0.34197	0.436016	0.375201	0.202752	0.567051	0.241446	0.398366	0.352123	0.331276	0.0742685	0.284362	0.145529	0.382897	0.579758	0.326225	0.134892	0.0642317	0.00010193	0.133897	0.178982	
0.233896	0.273889	0.204539	0.218368	0.273697	0.18795	0.145269	0.795092	0.668788	0.392301	0.504874	0.456514	1	0.201343	0.193958	0.709526	0.824707	0.773069	0.705127	0.758518	0.499327	0.16296	0.263827	0.423354	0.482484	0.103116	-0.134414	-0.126505	0.00673644	-0.0060142	0.726647	0.391592	0.739315	-0.0162299	0.272911	0.643254	-0.140384	0.75052	0.149909	0.0109838	0.133039	0.1816	0.513756	0.264925	0.636883	0.0485194	0.0778907	0.141475	0.120305	0.301926	0.15064	0.211994	0.126634	0.298338	0.316907	0.113173	0.603675	0.484952	0.611641	0.58362	0.600639	0.150003	0.510526	0.730524	0.269883	0.33669	0.302379	0.56724	0.37671	0.677324	0.533911	0.151464	0.524489	0.689627	0.543613	0.447016	0.657361	0.063153	0.0544037	0.62479	0.292343	0.720242	-0.0352874	0.576207	0.47262	0.0318387	0.450225	0.15263	0.370048	0.649509	0.104822	0.122341	0.39954	0.189887	0.214034	0.279017	0.102931	-0.162624	0.209662	0.47431	0.174682	0.19037	0.0547986	0.20105	0.0878789	0.197528	0.0714983	0.144576	-0.045129	0.374396	0.182689	0.277593	0.565318	0.336164	0.202232	0.0844187	0.107721	0.249855	0.292856	
0.86088	0.80641	0.758845	0.266519	0.881243	0.5764	0.291291	0.158766	0.0895499	0.480186	0.252499	0.534627	0.201343	1	0.361463	0.0748305	0.315493	0.138278	0.182267	0.169752	0.0296873	0.826762	0.470798	0.274923	0.221461	0.0573638	0.193561	0.183944	0.741707	0.629019	0.247559	0.189659	0.239256	0.160304	0.0156656	0.198103	0.205139	0.173219	0.135129	0.181211	0.787221	0.821789	0.00818532	0.024848	-0.160843	0.569179	0.37172	0.325013	0.871712	0.240506	0.507699	0.393179	0.261657	0.551579	0.55946	0.268348	0.508128	0.484491	0.36916	0.125197	0.277864	0.302046	0.27515	0.47838	0.224352	0.307177	0.378485	0.492489	0.131626	0.394491	0.353312	0.381739	0.375156	0.306521	0.26802	0.162595	0.296447	-0.089641	0.295563	0.444146	0.0981478	0.263344	0.011843	0.395977	0.340323	0.0390156	0.311586	0.180159	0.237584	0.433728	0.134982	0.333315	0.226674	0.1097	0.33066	0.404983	0.265155	0.0691681	0.122428	0.0821983	0.86268	0.390585	0.0261715	0.71442	0.52781	0.785966	0.708533	0.453241	0.0644065	0.367166	0.335966	0.402045	0.339663	0.269399	0.106545	0.165457	0.209809	0.0806395	0.25878	
0.365372	0.482883	0.307659	0.716277	0.311484	0.424662	0.383898	0.0247949	-0.0747687	0.53852	0.22858	0.306138	0.193958	0.361463	1	0.10774	0.270172	-0.0254562	0.00331693	0.0335853	0.325991	0.138758	0.221638	0.257863	0.183466	0.322227	0.305292	0.208316	0.144366	-0.0167512	0.204151	0.289773	0.318709	0.209444	-0.0274354	0.0501974	0.227449	0.119757	0.187128	0.139444	0.0898195	0.338943	0.23136	0.0925267	0.124665	0.273332	0.126028	0.157673	0.213629	0.755091	0.256482	0.289755	0.30416	0.371648	0.308891	0.342438	0.13562	0.0868247	0.152138	0.0286363	0.333576	0.34521	0.389031	0.279413	0.271229	0.50798	0.439093	0.218967	0.219725	0.144474	0.397272	0.282247	0.0984838	0.125925	0.099438	0.311389	0.193942	0.276697	0.165817	0.211518	0.295605	0.33016	-0.0500084	0.114401	0.336125	0.246963	0.0735124	0.0747797	0.140838	0.175257	0.100964	0.378041	0.180328	0.402381	0.318827	0.118581	0.0463609	0.0391838	0.28454	0.299464	0.26157	0.430425	0.177842	0.380415	0.282613	0.121658	0.285637	0.259842	0.316415	0.550448	0.264681	0.379966	0.268851	0.394552	0.430135	0.151481	0.347108	0.183181	0.218977	
0.166561	0.133653	0.135728	0.410484	0.190765	0.209493	0.376673	0.858716	0.837355	0.150252	0.349027	0.27842	0.709526	0.0748305	0.10774	1	0.708807	0.900582	0.881508	0.811727	0.678353	0.115839	0.132762	0.594757	0.49008	-0.00471668	-0.209544	-0.0841294	-0.00182361	-0.0487611	0.842216	0.335146	0.565308	0.123376	0.655456	0.894651	-0.238077	0.728705	0.268913	0.0190489	0.0682519	0.0672499	0.749661	0.314147	0.792475	0.0934947	0.159561	0.20041	0.0760148	0.303168	0.286052	0.320749	0.410225	0.301771	0.349898	0.349845	0.639614	0.589189	0.780745	0.698864	0.545472	0.132902	0.389576	0.580525	0.460567	0.524919	0.533739	0.587834	0.628769	0.728279	0.695014	0.198014	0.667146	0.760731	0.78951	0.479944	0.615556	-0.0288659	0.193267	0.800759	0.408329	0.680845	0.131843	0.747243	0.650276	0.107398	0.407162	0.412741	0.589281	0.656702	0.150001	0.111469	0.396608	0.19416	0.282268	0.239064	0.323045	0.0713988	0.356171	0.646763	0.146463	-0.0148243	-0.020383	-0.0773048	0.128065	0.224434	0.126696	-0.0268337	-0.0102047	0.261732	0.386218	0.115138	0.407786	0.16633	0.195961	0.238556	0.0500822	0.127233	0.367233	
0.329711	0.316402	0.301694	0.367008	0.38787	0.380452	0.308364	0.752088	0.648096	0.325046	0.472563	0.449008	0.824707	0.315493	0.270172	0.708807	1	0.787288	0.739004	0.78281	0.657511	0.313592	0.404685	0.463989	0.474501	0.114556	-0.035695	0.0728334	0.201738	0.115287	0.776457	0.292409	0.681522	0.0784237	0.352119	0.6697	-0.208315	0.710165	0.0838763	0.102228	0.283078	0.208615	0.544128	0.222328	0.53365	0.321457	0.160386	0.231095	0.239599	0.25059	0.338616	0.294978	0.237692	0.422	0.479701	0.268846	0.719293	0.597567	0.620583	0.551797	0.583299	0.223344	0.522412	0.78609	0.388669	0.444351	0.33026	0.736917	0.405863	0.758351	0.66771	0.410259	0.635763	0.750474	0.684001	0.494506	0.693147	0.143164	0.242524	0.750314	0.280782	0.784108	0.0760882	0.654035	0.557669	0.0551755	0.451795	0.229103	0.457545	0.684028	0.0369058	0.238372	0.340599	0.39594	0.362743	0.320223	0.273253	0.0143505	0.28958	0.561494	0.323508	0.212691	0.0989896	0.311969	0.250496	0.336827	0.198034	0.0848625	0.098013	0.43015	0.318449	0.325313	0.608386	0.437901	0.217871	0.148191	0.165207	0.33033	0.388905	
0.192828	0.151373	0.155561	0.215012	0.245579	0.17892	0.194322	0.948134	0.87383	0.0876798	0.370148	0.278102	0.773069	0.138278	-0.0254562	0.900582	0.787288	1	0.927425	0.918143	0.566741	0.143834	0.111013	0.517037	0.488539	-0.142492	-0.340602	-0.0534075	0.0764207	0.0808912	0.878927	0.180057	0.540302	-0.0182697	0.475732	0.863295	-0.317429	0.802058	0.174019	-0.0291498	0.152841	0.0693286	0.718338	0.285176	0.739974	0.0628223	0.0255463	0.212783	0.153427	0.106723	0.198737	0.248007	0.248967	0.250818	0.31102	0.17483	0.755035	0.682669	0.763098	0.690517	0.533114	0.0566634	0.356084	0.685607	0.336846	0.392757	0.295139	0.72837	0.486945	0.832162	0.618061	0.104011	0.646351	0.756506	0.805828	0.375868	0.664307	-0.0392219	0.141153	0.806711	0.218151	0.686122	0.0692912	0.779955	0.572989	-0.0141003	0.474231	0.217312	0.601155	0.744944	0.0504059	0.0680294	0.362938	0.101405	0.171027	0.294104	0.269767	-0.0426719	0.221318	0.57913	0.196105	-0.0354534	-0.101896	-0.00679623	0.143553	0.263204	0.113806	-0.0522771	-0.0414691	0.201195	0.246944	0.104621	0.411803	0.0903014	0.0691026	0.146949	-0.0102155	0.13258	0.30057	
0.219421	0.151366	0.158833	0.214017	0.263857	0.156998	0.204699	0.918186	0.933031	0.144585	0.311904	0.317875	0.705127	0.182267	0.00331693	0.881508	0.739004	0.927425	1	0.921036	0.559006	0.178313	0.122654	0.634542	0.558717	-0.0754149	-0.258698	-0.0124379	0.14887	0.144544	0.883624	0.232041	0.502933	-0.0324677	0.448691	0.926933	-0.306641	0.786301	0.134439	-0.0112726	0.180544	0.0854701	0.691798	0.310144	0.696432	0.124008	0.0387503	0.15662	0.15738	0.149964	0.185127	0.172777	0.197798	0.226268	0.268099	0.149974	0.735638	0.707811	0.842659	0.775129	0.514803	0.0802439	0.347891	0.654658	0.309017	0.422128	0.332608	0.725803	0.600108	0.856206	0.705873	0.109962	0.635193	0.777489	0.840872	0.39789	0.603836	0.00672539	0.245712	0.83008	0.225432	0.688219	0.0744546	0.790996	0.634515	0.000654962	0.434984	0.210115	0.622835	0.738248	0.00320928	0.0832707	0.394738	0.125608	0.207749	0.246604	0.245472	-0.0304498	0.203652	0.586595	0.233079	-0.0431967	-0.0431367	0.0441007	0.257006	0.286248	0.133841	0.00253175	0.0259163	0.304335	0.207831	0.0700784	0.445453	0.0932069	0.039909	0.171518	-0.0200215	0.121326	0.325198	
0.173593	0.128364	0.102198	0.150129	0.241677	0.120085	0.0949614	0.926697	0.869017	0.147395	0.271975	0.280547	0.758518	0.169752	0.0335853	0.811727	0.78281	0.918143	0.921036	1	0.511171	0.145147	0.0813393	0.577813	0.65424	-0.0362145	-0.245085	-0.0210669	0.129871	0.17763	0.896369	0.190386	0.56941	-0.0518613	0.311698	0.84295	-0.307249	0.867874	0.0183205	-0.0437469	0.174507	0.023649	0.629349	0.310956	0.681044	0.0755561	-0.0340844	0.0876362	0.144342	0.111558	0.130542	0.114382	0.084438	0.169219	0.221183	0.0319082	0.746806	0.6815	0.740379	0.697927	0.537555	0.0558843	0.328955	0.679222	0.239501	0.344789	0.24854	0.730419	0.465885	0.896509	0.605339	0.106713	0.609586	0.826714	0.783375	0.43872	0.667977	0.0327401	0.13519	0.802981	0.208687	0.734485	0.00304652	0.712663	0.595087	-0.0326003	0.431053	0.0964101	0.519539	0.777398	-0.0974658	0.112528	0.423499	0.18797	0.185447	0.214419	0.168016	-0.129806	0.152665	0.539685	0.199096	-0.0451861	-0.0795271	0.0665155	0.198021	0.234968	0.0961185	0.0218657	-0.0201844	0.315435	0.10899	0.0823037	0.48264	0.135483	0.0280545	0.0671584	-0.0288603	0.169255	0.279083	
0.059674	0.0626882	0.0751912	0.552704	0.0999924	0.282316	0.402413	0.503033	0.414902	0.254127	0.413688	0.206404	0.499327	0.0296873	0.325991	0.678353	0.657511	0.566741	0.559006	0.511171	1	0.0135974	0.233159	0.38407	0.189474	0.202756	-0.0887477	0.131298	-0.0594011	-0.0565672	0.619088	0.463062	0.535203	0.227758	0.586142	0.575362	-0.158676	0.443746	0.178663	0.118297	-0.00684128	0.100037	0.766914	0.272301	0.665947	0.216715	0.287369	0.0847749	-0.104443	0.488813	0.33961	0.278264	0.309491	0.340073	0.38282	0.409848	0.411481	0.208308	0.377863	0.308263	0.484242	0.258627	0.388214	0.405425	0.537821	0.611572	0.293886	0.379366	0.464197	0.490328	0.697415	0.298895	0.620391	0.543336	0.702413	0.561533	0.510248	0.186597	0.168569	0.532291	0.507439	0.635977	0.281499	0.511555	0.652312	0.27086	0.395837	0.436885	0.605434	0.505166	0.275141	0.225565	0.326319	0.392548	0.346467	0.181432	0.211833	0.156605	0.567068	0.775622	-0.0216043	0.1783	0.162383	0.0391732	0.218401	0.0151398	-0.0295188	-0.058569	0.167883	0.403495	0.262045	0.224112	0.379248	0.343282	0.434488	0.110918	0.30411	0.246023	0.409471	
0.634027	0.575586	0.62276	0.138046	0.749501	0.48219	0.276039	0.13783	0.124741	0.438583	0.281434	0.600577	0.16296	0.826762	0.138758	0.115839	0.313592	0.143834	0.178313	0.145147	0.0135974	1	0.629482	0.1714	0.191335	0.056143	0.221701	0.191672	0.792968	0.653932	0.171727	0.207356	0.221084	0.252513	0.0938025	0.18453	0.116102	0.112052	0.041642	0.247385	0.891829	0.735577	-0.0681434	-0.00370785	-0.165891	0.739398	0.584145	0.287125	0.832401	0.121815	0.485434	0.338573	0.256545	0.434413	0.550103	0.269699	0.481035	0.463116	0.379805	0.168412	0.349668	0.352446	0.312903	0.445094	0.295824	0.185522	0.434466	0.429356	0.153499	0.323818	0.323909	0.604607	0.41154	0.356241	0.24753	0.16603	0.30094	-0.105504	0.389065	0.439812	0.172594	0.254766	0.225073	0.416374	0.311526	-0.0191271	0.240112	0.225275	0.174292	0.364885	0.0849102	0.289104	0.219099	0.157127	0.416883	0.35603	0.418753	0.322719	0.229002	0.0809143	0.814617	0.253504	0.118764	0.6608	0.398191	0.835418	0.70762	0.525388	0.0738335	0.221796	0.441368	0.31147	0.354348	0.315216	0.0136265	0.290613	0.172623	0.162493	0.270156	
0.321067	0.337666	0.355655	0.195715	0.473719	0.364756	0.193537	0.0878007	0.0421896	0.498303	0.488121	0.729692	0.263827	0.470798	0.221638	0.132762	0.404685	0.111013	0.122654	0.0813393	0.233159	0.629482	1	0.139077	0.0113288	0.350941	0.299621	0.247463	0.391417	0.18267	0.165042	0.464333	0.487899	0.25614	0.0675143	0.0835634	0.128015	0.0928683	0.0336647	0.301129	0.505929	0.562645	0.0184561	0.0940668	-0.0198212	0.557738	0.588686	0.0809732	0.349636	0.171349	0.223386	0.176026	0.132942	0.31049	0.406656	0.230222	0.322304	0.221864	0.235953	0.100829	0.503521	0.447808	0.493394	0.372825	0.224435	0.179764	0.290905	0.357073	0.107866	0.248354	0.441291	0.640972	0.420348	0.344846	0.237756	0.437004	0.405512	0.214528	0.276338	0.319709	0.468988	0.413203	0.173628	0.302163	0.331089	0.228131	0.299823	0.184556	0.203879	0.269039	0.0854389	0.319236	0.272764	0.253183	0.576592	0.125543	0.143004	0.0994618	0.295159	0.299734	0.461909	0.434155	0.347646	0.626361	0.116226	0.418846	0.33586	0.37354	0.228347	0.23414	0.263036	0.426016	0.570711	0.50922	0.141731	0.024231	0.158227	0.359298	0.232276	
0.327228	0.301033	0.297435	0.375786	0.271664	0.262937	0.367233	0.56234	0.597056	0.268469	0.0917559	0.240844	0.423354	0.274923	0.257863	0.594757	0.463989	0.517037	0.634542	0.577813	0.38407	0.1714	0.139077	1	0.541761	0.13719	0.105705	-0.0327944	0.141021	0.0710081	0.655634	0.24186	0.365915	0.1046	0.322757	0.634857	0.227817	0.488545	0.340711	0.128239	0.118547	0.162368	0.488777	0.281802	0.439278	0.109192	0.0708816	0.0819454	0.223727	0.353034	0.224937	0.251586	0.283803	0.316319	0.292651	0.266373	0.420782	0.423994	0.56375	0.509348	0.321998	0.21364	0.377155	0.40321	0.270162	0.447063	0.370349	0.40617	0.416806	0.527144	0.528206	0.26377	0.532388	0.473568	0.454759	0.349867	0.303794	-0.00244365	0.279242	0.514399	0.246185	0.442471	-0.0690732	0.46757	0.446612	0.0947497	0.391384	0.253884	0.364283	0.381287	0.134707	0.265624	0.276967	0.320405	0.242178	0.111298	0.164575	0.024387	0.239404	0.360062	0.277047	0.171988	0.0389638	0.194287	0.356876	0.30544	0.226752	0.140938	0.0403981	0.34757	0.201094	0.264309	0.366895	0.252387	0.0958835	0.167864	0.0665673	0.0256422	0.303506	
0.263558	0.260233	0.260586	0.20334	0.263617	0.101518	0.216033	0.566785	0.653927	0.192786	0.0912748	0.137651	0.482484	0.221461	0.183466	0.49008	0.474501	0.488539	0.558717	0.65424	0.189474	0.191335	0.0113288	0.541761	1	0.132216	0.229795	0.154408	0.242425	0.163851	0.534407	0.11625	0.294349	0.101733	0.0897007	0.567337	-0.012032	0.569746	0.0431944	0.15999	0.24008	0.0524717	0.282929	0.389239	0.394408	0.20029	0.0680522	0.0303464	0.23078	0.108586	0.275178	0.229939	0.118019	0.188032	0.176001	0.135189	0.453589	0.497571	0.553553	0.662022	0.318892	0.0345596	0.25422	0.46725	0.181807	0.190598	0.36715	0.39467	0.464023	0.529544	0.328474	0.243122	0.321725	0.697769	0.383948	0.301586	0.421309	0.276427	0.268591	0.511301	0.184991	0.445554	-0.00548525	0.367211	0.396642	0.149498	0.22212	0.0994367	0.18859	0.448513	-0.0722862	0.253166	0.405586	0.30672	0.279195	0.109789	0.259063	0.0144249	0.0597649	0.219721	0.303443	-0.00919345	0.103416	0.170856	0.211493	0.277839	0.202754	0.199882	0.0931251	0.369927	0.268097	0.0760773	0.395842	0.27858	0.0593061	0.243116	0.0687265	0.254949	0.303146	
0.0967549	-0.0295235	0.0160107	0.256342	0.114793	0.157257	0.250143	-0.121386	-0.107228	0.244073	0.240388	0.254043	0.103116	0.0573638	0.322227	-0.00471668	0.114556	-0.142492	-0.0754149	-0.0362145	0.202756	0.056143	0.350941	0.13719	0.132216	1	0.602635	0.247465	0.00564193	-0.100363	-0.00244304	0.654169	0.404422	0.396979	0.0615741	-0.0325038	0.162784	0.218298	0.0594698	0.311772	0.0208204	0.109571	0.0773949	0.596045	0.148044	0.230911	0.376672	-0.0406935	-0.0584841	0.277022	0.263314	0.0889668	0.0880183	0.146385	0.184927	0.24288	-0.137242	-0.173025	-0.0529855	-0.0723069	0.144059	0.173148	0.13499	-0.110949	0.219582	0.185927	0.152918	-0.120891	0.141717	-0.075973	0.121353	0.182636	0.126247	0.140578	0.0185158	0.569031	0.295129	0.342647	-0.06874	-0.0437663	0.413235	0.155235	0.149829	-0.040429	0.10961	0.425985	0.135418	0.24589	0.092967	0.103487	0.226024	0.393083	0.532708	0.292164	0.330601	0.0177867	0.0411207	-0.0249508	0.181832	0.190612	-0.0171639	0.331018	0.442357	0.287174	0.212492	-0.126584	0.0691623	0.134587	0.25955	0.375629	0.124349	0.294981	0.389452	0.375773	0.290177	0.011942	0.155849	0.19272	0.384472	
0.228549	0.160037	0.241451	0.208629	0.213784	0.22762	0.325978	-0.295819	-0.194587	0.241762	0.0970552	0.144273	-0.134414	0.193561	0.305292	-0.209544	-0.035695	-0.340602	-0.258698	-0.245085	-0.0887477	0.221701	0.299621	0.105705	0.229795	0.602635	1	0.220394	0.190615	0.0100504	-0.192777	0.26928	0.0795482	0.334128	-0.0422073	-0.186982	0.420294	-0.0226853	0.169407	0.375283	0.164703	0.183117	-0.21843	0.39325	-0.109825	0.342754	0.268117	0.0825005	0.155034	0.16769	0.345199	0.200169	0.175385	0.244719	0.229424	0.311902	-0.145545	-0.126567	-0.107218	-0.0751428	-0.0933248	0.273003	0.180605	-0.0675317	0.121365	0.168201	0.227398	-0.1582	0.0204896	-0.228896	-0.0213358	0.332342	0.00369835	0.0379375	-0.225499	0.276328	0.177645	0.367701	0.229383	-0.13918	0.249754	-0.00465895	0.0984663	-0.207744	0.0343118	0.290021	0.0425849	0.287828	-0.159389	-0.0808171	0.262172	0.384139	0.345635	0.282169	0.312974	0.0865855	0.150242	0.202052	0.0868315	-0.117099	0.221321	0.425559	0.478529	0.445602	0.170547	0.132274	0.205411	0.370879	0.182679	0.293058	0.288797	0.401944	0.268878	0.481561	0.0406849	0.22011	0.248254	0.161817	0.255458	
0.155639	0.16859	0.155322	0.248082	0.156439	0.0743479	0.217758	-0.0862268	-0.0309893	-0.0276829	0.112955	0.0208917	-0.126505	0.183944	0.208316	-0.0841294	0.0728334	-0.0534075	-0.0124379	-0.0210669	0.131298	0.191672	0.247463	-0.0327944	0.154408	0.247465	0.220394	1	0.47482	0.254656	0.0669503	0.00545699	-0.0985201	0.336882	0.0712975	0.0109027	-0.0309675	-0.0828022	-0.0658152	0.338456	0.390295	0.156981	0.153922	0.10497	-0.0602439	0.583144	0.324227	-0.00995436	0.119194	-0.0140706	0.247982	0.201458	0.0136743	0.00605194	0.0688892	0.217699	0.111128	0.00805782	-0.02399	0.0158079	0.0330284	-0.075419	-0.0327228	0.0423053	0.183526	0.066375	0.103042	0.124287	0.18395	0.0212305	0.0711907	0.222813	0.0264317	0.0968255	0.219143	0.0687896	0.0819515	0.599432	0.383474	0.124448	0.102945	0.05926	0.353443	0.264564	0.136892	0.380048	0.108313	0.162653	0.292042	0.0806254	0.083763	0.347778	0.196165	0.375888	0.245732	-0.0140282	0.247338	0.350237	0.19553	0.187782	0.277274	-0.0080297	0.248113	0.231601	0.141359	0.144891	0.216797	0.0672538	0.53102	0.190825	0.290584	-0.0710265	0.136098	0.130791	0.128691	0.0203848	0.236412	0.456504	0.286891	
0.56474	0.535045	0.496663	0.120409	0.617719	0.308021	0.209683	0.0870484	0.0963048	0.165042	0.0586501	0.282241	0.00673644	0.741707	0.144366	-0.00182361	0.201738	0.0764207	0.14887	0.129871	-0.0594011	0.792968	0.391417	0.141021	0.242425	0.00564193	0.190615	0.47482	1	0.764424	0.172361	-0.0500051	-0.0605126	0.200615	0.00249578	0.151692	-0.000331867	0.0209386	-0.0709322	0.195834	0.892059	0.538502	-0.0376436	-0.027902	-0.231163	0.755373	0.356026	0.115082	0.768468	0.0090457	0.401683	0.284586	0.08481	0.223306	0.335443	0.163674	0.417104	0.385907	0.267246	0.107351	0.117476	0.112291	0.0968493	0.362486	0.220895	0.0288914	0.272795	0.413757	0.134822	0.278736	0.155213	0.428527	0.186688	0.244072	0.2451	0.030229	0.184046	0.0354003	0.54769	0.383757	-0.0242942	0.137639	0.25038	0.360474	0.237017	-0.0488198	0.10945	0.0923204	0.157146	0.279621	-0.0542785	0.246708	0.150989	0.200574	0.240522	0.183562	0.459976	0.429177	0.132259	-0.0365714	0.797504	0.0761485	0.0344059	0.519561	0.378068	0.778065	0.692548	0.495333	0.258379	0.191218	0.424937	0.117263	0.202946	0.131606	-0.0811395	0.253534	0.156508	0.180959	0.220717	
0.325695	0.335595	0.304676	-0.163701	0.409404	0.103261	-0.109365	0.138965	0.0730392	0.187849	-0.0703478	0.199907	-0.0060142	0.629019	-0.0167512	-0.0487611	0.115287	0.0808912	0.144544	0.17763	-0.0565672	0.653932	0.18267	0.0710081	0.163851	-0.100363	0.0100504	0.254656	0.764424	1	0.184207	-0.0115693	-0.0111621	0.0273478	-0.147187	0.0712889	-0.012923	0.0788024	-0.243803	-0.0689772	0.799879	0.428938	-0.0669061	-0.0732464	-0.237662	0.60426	0.316679	-0.0441166	0.568509	-0.0585369	0.216935	0.0795644	-0.127105	0.0538782	0.192286	-0.177498	0.410417	0.370303	0.209725	0.0650175	0.148507	0.01952	-0.029335	0.277306	0.172386	-0.0819699	0.0706868	0.367743	-0.0487316	0.345378	0.0594556	0.211111	0.159249	0.228326	0.235462	0.0397389	0.130382	-0.197703	0.323221	0.318577	-0.0716691	0.13401	0.350943	0.286451	0.254179	-0.186805	0.119824	-0.0703067	0.130298	0.37712	-0.130498	-0.0297753	0.187754	-0.0518453	0.0862072	0.0954422	0.225611	0.265301	0.0731473	-0.0771992	0.51238	-0.0569465	-0.101847	0.357211	0.40724	0.539633	0.396358	0.47369	-0.00260906	0.130851	0.073159	-0.0477343	0.0935782	-0.0674637	-0.185894	0.103554	0.0661467	0.0704799	0.023901	
0.24454	0.234657	0.194658	0.319958	0.270002	0.185336	0.231348	0.86873	0.805526	0.236497	0.307605	0.30256	0.726647	0.247559	0.204151	0.842216	0.776457	0.878927	0.883624	0.896369	0.619088	0.171727	0.165042	0.655634	0.534407	-0.00244304	-0.192777	0.0669503	0.172361	0.184207	1	0.252058	0.620773	0.0688759	0.40355	0.827661	-0.184877	0.781374	0.149461	0.00777884	0.186215	0.134892	0.726296	0.234247	0.678472	0.169831	0.0786164	0.0584574	0.163961	0.301311	0.173655	0.195956	0.182169	0.244805	0.283662	0.145122	0.754871	0.668391	0.733101	0.621814	0.538626	0.120162	0.40581	0.689602	0.281823	0.470206	0.338469	0.761477	0.461283	0.851199	0.686829	0.190533	0.601459	0.720002	0.843716	0.478675	0.626863	0.0889432	0.235126	0.856761	0.364482	0.740909	0.0412856	0.77648	0.690957	0.124207	0.448293	0.196165	0.626769	0.739878	0.0342544	0.177042	0.36955	0.311753	0.295715	0.162037	0.155439	-0.021144	0.248977	0.612956	0.263619	0.0632961	-0.0558391	0.135428	0.242458	0.281624	0.112547	0.0525916	0.040979	0.373047	0.196589	0.186726	0.480606	0.203546	0.128636	0.0364706	0.0539708	0.221695	0.332734	
0.131159	0.101272	0.0973337	0.325027	0.203805	0.186371	0.275543	0.206613	0.178561	0.515612	0.416425	0.54766	0.391592	0.189659	0.289773	0.335146	0.292409	0.180057	0.232041	0.190386	0.463062	0.207356	0.464333	0.24186	0.11625	0.654169	0.26928	0.00545699	-0.0500051	-0.0115693	0.252058	1	0.701727	0.284999	0.231901	0.220955	0.0959192	0.37598	0.159726	0.156808	0.121747	0.35835	0.341095	0.511386	0.412566	0.154675	0.571037	-0.0320406	0.0152908	0.494534	0.176566	0.151275	0.259163	0.252481	0.315985	0.248897	0.0851334	0.00485647	0.276192	0.187637	0.548397	0.348786	0.384682	0.113307	0.366418	0.350647	0.336596	0.117432	0.264664	0.206208	0.471834	0.208887	0.394232	0.388674	0.308629	0.650926	0.462656	0.164967	-0.0889502	0.259544	0.689052	0.405483	0.198396	0.269487	0.39672	0.386648	0.335304	0.296147	0.349985	0.320758	0.271278	0.29241	0.551382	0.145052	0.4446	0.095347	-0.0344552	-0.0782368	0.390028	0.51794	0.0412268	0.27388	0.345985	0.274251	0.184737	0.0372982	0.0624181	0.2329	0.0489542	0.353244	0.0637781	0.290682	0.577961	0.329272	0.201013	0.0357924	0.0704863	0.149385	0.317643	
0.173675	0.187359	0.19327	0.267852	0.282404	0.268376	0.146124	0.54685	0.428583	0.600256	0.559684	0.646732	0.739315	0.239256	0.318709	0.565308	0.681522	0.540302	0.502933	0.56941	0.535203	0.221084	0.487899	0.365915	0.294349	0.404422	0.0795482	-0.0985201	-0.0605126	-0.0111621	0.620773	0.701727	1	0.15682	0.186792	0.422227	-0.0407739	0.667733	0.0959708	0.0475155	0.101024	0.311988	0.404122	0.332545	0.519193	0.104934	0.290683	0.0411386	0.0691608	0.421085	0.110317	0.127066	0.182603	0.329897	0.377879	0.121205	0.499022	0.360876	0.489987	0.384044	0.694942	0.41264	0.554675	0.487192	0.261801	0.408678	0.331511	0.496011	0.247779	0.595592	0.625899	0.283297	0.537906	0.62403	0.494571	0.690108	0.643262	0.132462	-0.0636593	0.56244	0.602837	0.736904	0.00841942	0.468174	0.571098	0.248621	0.389652	0.156638	0.359816	0.588164	0.0832704	0.246216	0.478781	0.237711	0.481507	0.177745	-0.108965	-0.219896	0.293167	0.557765	0.11433	0.309152	0.181506	0.305505	0.16853	0.119119	0.0187618	0.133961	-0.0668494	0.385648	0.0226192	0.370811	0.668897	0.368126	0.239353	-0.0841631	0.0792287	0.17712	0.210921	
0.196402	0.146197	0.171099	0.321126	0.175563	0.181598	0.405905	-0.0958219	-0.0199079	0.0714096	0.0392358	0.133244	-0.0162299	0.160304	0.209444	0.123376	0.0784237	-0.0182697	-0.0324677	-0.0518613	0.227758	0.252513	0.25614	0.1046	0.101733	0.396979	0.334128	0.336882	0.200615	0.0273478	0.0688759	0.284999	0.15682	1	0.297195	0.0921963	0.180254	0.0820952	0.267584	0.654138	0.240808	0.179907	0.13102	0.339502	0.100684	0.464431	0.585112	0.130364	0.135001	0.276917	0.504222	0.417189	0.368066	0.265106	0.326318	0.44698	-0.0570064	-0.0860072	-0.0114307	-0.0283772	0.0861435	0.115464	0.0330419	-0.0360502	0.430431	0.31505	0.267769	-0.0256781	0.213022	-0.0802828	0.154435	0.454279	0.0927285	0.120684	0.101977	0.284776	0.162806	0.214521	0.188016	0.115664	0.411851	0.0498115	0.309312	0.0851392	0.132026	0.572595	0.12176	0.351442	0.173456	0.0771494	0.332357	0.690703	0.274781	0.459025	0.431242	0.214828	0.348136	0.39088	0.382001	0.254306	0.173694	0.166694	0.294324	0.162432	0.138169	0.166509	0.229634	0.0665949	0.237559	0.114787	0.489853	0.169178	0.148395	0.292592	0.187962	0.119614	0.173149	0.251225	0.412499	
0.211649	0.0654892	0.187396	0.482715	0.203524	0.330614	0.691922	0.364338	0.397186	-0.0539365	0.265451	0.0478382	0.272911	0.0156656	-0.0274354	0.655456	0.352119	0.475732	0.448691	0.311698	0.586142	0.0938025	0.0675143	0.322757	0.0897007	0.0615741	-0.0422073	0.0712975	0.00249578	-0.147187	0.40355	0.231901	0.186792	0.297195	1	0.571262	-0.0269972	0.303471	0.504071	0.220348	0.0202557	0.0957481	0.623861	0.279438	0.501933	0.141633	0.250313	0.396378	0.0731368	0.194942	0.455133	0.425434	0.57201	0.398796	0.428008	0.694577	0.320253	0.240124	0.405323	0.264867	0.151311	0.0670686	0.115952	0.239325	0.46386	0.565277	0.454352	0.221811	0.455267	0.246033	0.47057	0.157055	0.547461	0.370139	0.580537	0.295728	0.326495	-0.0396725	0.184524	0.459366	0.287206	0.271802	0.238645	0.568102	0.385041	0.209709	0.378214	0.804221	0.620615	0.339878	0.555879	0.219385	0.278467	0.217006	0.171361	0.314689	0.431137	0.260831	0.389242	0.543804	0.131495	0.0329404	0.114763	-0.0568379	0.141507	0.191074	0.208621	-0.128137	0.09	0.101348	0.494019	0.101564	0.173557	0.194023	0.250075	0.295445	0.150343	0.114194	0.488787	
0.278123	0.189393	0.17278	0.30124	0.301873	0.194889	0.316415	0.822447	0.877045	0.074067	0.289618	0.257552	0.643254	0.198103	0.0501974	0.894651	0.6697	0.863295	0.926933	0.84295	0.575362	0.18453	0.0835634	0.634857	0.567337	-0.0325038	-0.186982	0.0109027	0.151692	0.0712889	0.827661	0.220955	0.422227	0.0921963	0.571262	1	-0.239713	0.73835	0.183938	0.111014	0.1565	0.0919694	0.686796	0.347659	0.686673	0.137945	0.0809334	0.218043	0.194467	0.199625	0.291441	0.242111	0.277556	0.29391	0.29249	0.304626	0.665626	0.641341	0.835644	0.750515	0.412104	0.0665045	0.303781	0.616933	0.326771	0.522002	0.501044	0.625521	0.760341	0.765483	0.678208	0.131348	0.670464	0.760027	0.809517	0.374677	0.577908	0.00888885	0.292669	0.827456	0.252906	0.624926	0.0507874	0.781008	0.604214	0.0584967	0.406574	0.408827	0.613497	0.695076	0.0716203	0.183682	0.411435	0.177157	0.206524	0.318587	0.352576	0.0432307	0.221763	0.569098	0.273151	-0.00182686	0.0167049	0.0418696	0.223982	0.30698	0.226083	0.0516953	0.096915	0.351826	0.361132	0.0799698	0.404775	0.142692	0.0993971	0.248282	0.0901469	0.164039	0.434587	
