1	-0.329605	-0.294047	-0.099997	0.0108067	0.0055057	0.171467	0.0753693	0.0572977	0.280126	0.32569	-0.0871217	0.359075	-0.168682	0.092252	0.162764	-0.292158	-0.0147318	-0.0100334	-0.130236	-0.353685	-0.186891	0.292699	0.0509234	0.375833	0.140283	0.0703062	0.11273	0.403285	-0.435025	-0.0152635	0.133648	0.178492	-0.136736	0.0510118	-0.418624	-0.0275983	-0.0158664	-0.197048	-0.184577	0.0573876	-0.0377268	0.0228517	0.115092	-0.00243695	0.260923	-0.310125	-0.160973	0.254991	0.0504342	-0.212062	-0.446858	-0.106397	-0.136216	-0.225242	0.149834	0.295621	0.0270256	0.321866	0.00448029	-0.244358	-0.213383	-0.126183	-0.0159153	0.109243	0.183224	0.159443	0.342368	-0.139539	0.385438	-0.190492	0.113768	0.262863	-0.311616	0.563417	0.121867	-0.102877	0.209051	-0.00774854	0.173443	0.0755952	-0.276554	-0.340603	-0.392689	0.518593	0.0844207	-0.155762	-0.0140484	-0.0274407	0.0131414	0.282718	0.426197	0.271531	-0.135494	-0.302763	-0.0239984	0.147158	-0.643383	-0.0911621	0.100613	-0.145062	-0.403511	0.303707	0.34098	-0.029984	0.719988	-0.110287	0.0597249	0.122254	-0.288879	-0.161659	-0.680426	0.263791	-0.0320087	-0.594679	-0.135003	-0.0792355	0.335916	0.00171531	
-0.329605	1	-0.210923	-0.187136	0.0664752	0.143155	-0.224754	-0.299157	-0.0678292	0.267434	0.0405571	-0.393437	0.201547	0.125614	-0.487569	-0.400177	-0.00954445	-0.236272	-0.0064934	-0.610346	-0.136027	-0.0597846	-0.294035	0.237926	0.0798686	-0.306352	0.0511502	-0.325454	-0.174054	0.2363	0.00207926	-0.54435	-0.154052	-0.43231	-0.0803146	0.566796	0.113327	-0.160955	-0.0534485	0.330128	0.241273	-0.134551	-0.439288	-0.152313	-0.175489	0.119888	0.0561723	0.112788	-0.12242	0.149366	0.01221	0.156954	-0.234688	-0.278651	-0.0405871	-0.27432	0.0994935	0.165935	0.0136824	0.640513	0.610073	0.00143781	0.122619	0.250479	0.206754	0.00197108	0.199729	-0.244969	0.14095	-0.297994	0.225001	-0.57649	-0.655329	-0.35048	0.255872	-0.0298985	0.0535936	-0.394453	-0.558074	0.0808855	0.0790382	0.0396123	0.275055	0.0966457	-0.199162	-0.00218848	-0.232545	0.389499	0.100724	-0.393454	-0.487846	-0.194498	0.0427127	0.00815028	-0.00455766	0.0155337	-0.168388	0.455029	-0.0330362	-0.482289	-0.248011	0.109821	-0.131954	-0.107132	-0.0334367	-0.60283	0.51406	-0.0116548	-0.38251	-0.145145	0.459675	0.459547	0.325776	0.737316	0.553142	-0.171426	-0.27837	-0.459629	0.310445	
-0.294047	-0.210923	1	0.226574	0.0725907	-0.281791	-0.0891659	0.113815	-0.302964	0.0489457	-0.402939	0.156745	-0.352628	0.215314	0.0841741	0.237975	0.389262	-0.140716	-0.0054532	0.36347	0.0752835	0.0127111	-0.226945	-0.482992	-0.305325	0.101736	0.0376822	-0.0751702	-0.0506535	0.40488	0.294929	0.440573	-0.100276	0.116629	0.247377	-0.0606795	-0.340794	0.0363072	-0.00740289	0.0568503	-0.452873	-0.0874057	0.17685	-0.411061	0.586506	-0.231355	0.218477	-0.259682	0.0751521	-0.308766	0.102395	0.754641	0.448774	0.00488845	0.160245	0.127413	-0.00368389	0.493243	0.244681	-0.25342	-0.413642	0.194485	-0.159123	0.168874	-0.449396	0.145091	-0.221554	0.0833913	0.319629	0.133688	0.296473	0.16305	0.184606	0.147271	-0.5262	-0.284119	0.0544758	-0.183201	0.445158	0.219607	0.439649	0.460428	0.297562	0.571736	0.101893	0.386025	0.547587	-0.263358	-0.127262	0.70316	-0.0996091	-0.0637611	-0.0615575	-0.060879	0.214084	-0.118172	-0.273324	0.231295	-0.0898091	0.0322986	0.0540558	-0.0350167	0.0359233	-0.616374	0.0209582	-0.337723	-0.0651281	-0.0728295	-0.167344	0.33775	-0.22613	0.135127	-0.17969	-0.256156	0.31344	0.29689	0.306063	-0.204244	-0.180415	
-0.099997	-0.187136	0.226574	1	0.0152659	0.0775227	0.168547	0.130601	-0.252887	0.363947	-0.223708	0.0630506	-0.0829895	0.304792	-0.34983	0.122864	-0.327513	0.0921993	0.0988709	0.0602774	0.221238	0.106455	0.272222	-0.0809449	-0.241923	-0.140629	-0.0660008	-0.0529204	-0.303774	0.180414	-0.244671	0.256182	0.0210185	0.0607176	-0.40518	-0.283681	-0.489093	-0.104585	-0.143895	-0.393992	-0.0369484	-0.00028385	0.0793027	0.228496	0.383481	-0.058743	0.240946	-0.342533	0.18387	0.0250213	-0.129029	0.300878	0.455491	-0.150379	0.00851398	0.101291	-0.0964176	0.106445	0.0068149	-0.354988	-0.08743	0.52981	-0.242734	-0.235424	0.0859768	0.392926	0.190147	0.42011	0.0134973	0.0626525	-0.298242	0.0615359	0.403253	0.186158	0.102282	0.140768	-0.193777	0.143759	0.0484958	-0.279727	0.150842	0.432115	-0.125263	0.0365966	-0.0191856	0.304896	0.291065	-0.289376	0.140242	0.293454	0.238489	0.135003	0.171757	0.303815	0.121619	-0.063174	0.162673	-0.0419423	0.0937444	0.386382	0.300099	-0.12604	-0.0565917	0.129102	-0.151836	0.210413	-0.587865	0.0418454	0.126176	-0.251923	-0.0119622	0.155847	0.178947	-0.284676	-0.207663	0.22245	-0.0579343	0.0057838	0.0492832	
0.0108067	0.0664752	0.0725907	0.0152659	1	0.236876	0.0978006	-0.0919565	0.00660763	0.302694	0.343452	0.311016	-0.236229	-0.137883	-0.265012	0.316829	-0.113375	0.208275	-0.220842	0.220249	-0.225866	0.273985	0.0994532	0.0224096	-0.507465	0.0342238	0.535148	0.27223	0.22295	-0.127674	0.433035	0.271697	-0.374539	0.0423653	0.113381	-0.0951035	-0.0286545	0.05351	0.145644	0.215042	-0.246156	-0.39483	-0.034725	-0.0301284	0.0755151	0.245359	0.254495	-0.448207	0.58128	0.245753	0.103229	0.296143	-0.0202234	0.338216	0.028329	-0.0909465	0.749266	0.185189	0.244403	-0.228171	-0.0391234	0.0462878	-0.221831	0.34134	0.0802405	-0.119874	0.0684563	0.0721604	-0.116215	0.136958	0.37689	0.13474	0.0757368	-0.420441	0.0735404	-0.0845224	-0.208175	-0.223751	0.096779	0.0282823	0.41251	0.11243	0.238561	0.159343	0.139614	0.408991	0.361112	-0.519174	-0.0482813	0.44589	-0.283798	0.0823941	0.0389229	-0.249868	0.56218	0.0372018	-0.317224	-0.344803	-0.602172	0.0522182	-0.407147	-0.0833028	0.582122	-0.125384	-0.16493	-0.0893271	-0.0670312	-0.281079	-0.175279	0.0590275	0.129365	-0.169947	0.389641	-0.169348	0.144712	0.198252	-0.19252	-0.437552	0.301624	
0.0055057	0.143155	-0.281791	0.0775227	0.236876	1	-0.059337	0.0855624	-0.184925	0.0686552	0.503292	0.156618	0.346197	0.134323	0.0010608	-0.0863517	-0.059528	-0.131521	0.025454	-0.0868555	-0.181339	-0.14397	0.543445	0.0405087	-0.0791238	0.107696	-0.0596935	0.36773	-0.10103	-0.00756078	-0.131606	0.18251	-0.0439022	-0.333148	-0.236352	0.263564	-0.235488	-0.326072	-0.0532112	-0.105291	-0.173535	-0.248976	-0.340704	0.0802656	0.0365526	0.366553	-0.00938247	-0.0762597	-0.13261	0.0974225	-0.0853922	-0.00326575	-0.0847019	-0.165463	-0.0450644	-0.517204	0.145697	-0.130036	0.106453	-0.0165674	0.590942	-0.0753464	-0.193905	0.07259	0.669218	0.366145	0.243553	0.0587252	0.395116	-0.363338	-0.163795	0.119482	-0.229799	-0.10043	0.226079	-0.125023	-0.0362483	-0.143422	-0.0519797	0.12006	-0.0632996	-0.160783	0.293149	-0.0172104	0.107153	-0.0597227	-0.0632988	-0.104637	-0.0670778	0.0226618	-0.391839	-0.131528	-0.219892	-0.206689	0.114995	0.127731	-0.291891	0.206365	0.156677	-0.259251	-0.215027	-0.240903	0.206946	-0.0518405	-0.134721	0.00234066	0.0904618	-0.265363	-0.0882205	0.113866	0.307191	0.0233259	0.138917	-0.00671515	-0.069281	-0.217434	-0.0168847	-0.0951831	0.561529	
0.171467	-0.224754	-0.0891659	0.168547	0.0978006	-0.059337	1	0.101515	-0.0139425	-0.226654	0.0883884	0.315321	-0.324701	-0.0585596	0.143284	-0.116643	-0.280524	-0.0454274	0.340418	0.128682	-0.095041	-0.158332	0.19625	-0.0355265	-0.0456354	-0.0360186	0.146114	0.192299	-0.198741	-0.0953444	0.363277	0.26191	-0.193481	0.071784	-0.142473	-0.101179	-0.211685	-0.293098	-0.076301	-0.237275	-0.0928736	-0.0401167	-0.0846968	0.147804	-0.0127041	0.418738	-0.250446	-0.155703	0.0727163	-0.19427	0.183404	0.127146	0.130448	0.062004	-0.299564	-0.1378	-0.0953692	0.222701	-0.285143	-0.418481	-0.0376641	0.176312	-0.07756	-0.22698	0.243795	0.34278	0.0952217	0.145239	-0.124424	0.241638	-0.407667	0.506223	0.132734	0.028542	-0.107824	0.182181	-0.111765	0.204336	0.00349652	-0.00743138	-0.110348	-0.181535	-0.22497	-0.162716	0.088303	0.156799	0.0481619	-0.416898	0.138193	0.0207876	0.19959	-0.35999	-0.183984	0.151294	-0.27489	0.285537	0.133801	-0.389622	-0.0111693	0.487275	0.327014	-0.378243	0.19334	-0.133848	-0.173186	0.265001	-0.460979	0.0352238	-0.0653609	0.150799	-0.290097	-0.0972516	-0.2375	-0.0158324	-0.0534549	-0.0478617	-0.121884	0.406486	-0.0610858	
0.0753693	-0.299157	0.113815	0.130601	-0.0919565	0.0855624	0.101515	1	-0.319756	-0.1845	0.0903154	0.281475	0.104176	-0.0471243	0.10867	-0.00673363	-0.124576	-0.069329	-0.0544261	0.235961	-0.143738	0.106979	0.272579	-0.131356	0.283735	0.330206	-0.064709	-0.144488	0.0688669	0.257534	0.211351	0.41229	0.315357	-0.104284	0.420107	-0.248702	-0.336881	-0.534353	-0.566571	0.218815	-0.220337	-0.135923	-0.169447	-0.0117902	0.163734	0.232733	-0.322466	-0.166443	-0.2431	-0.125581	0.411557	0.0425248	0.198777	-0.340459	-0.506901	0.0165181	-0.150326	0.179389	-0.138228	-0.364206	0.0639022	-0.0149402	-0.507017	-0.319697	-0.0801267	0.125867	-0.253594	0.273175	0.295013	-0.120697	-0.230672	0.0511869	0.15125	0.161849	-0.0197103	-0.409603	0.411283	0.299126	0.265972	0.115469	-0.373866	0.149036	-0.0892349	0.20471	0.313102	-0.0571585	0.0311305	-0.0715065	-0.589685	0.144173	-0.0251279	0.109463	-0.116643	-0.514379	-0.186673	0.220958	-0.134924	-0.0578992	-0.102224	-0.115639	0.0436335	0.184071	0.0405363	0.222818	0.103343	0.132787	-0.417338	0.184563	0.618073	0.131344	-0.104014	-0.0973586	0.0842049	-0.335822	-0.0912969	-0.18447	-0.0637076	0.589284	0.326453	
0.0572977	-0.0678292	-0.302964	-0.252887	0.00660763	-0.184925	-0.0139425	-0.319756	1	-0.111854	0.332549	0.128085	0.199398	0.0963556	0.154313	0.538269	-0.0582581	0.313339	-0.259596	-0.0773805	0.378074	0.094529	-0.141597	-0.19875	-0.272851	0.0110754	0.11642	-0.0111887	0.208794	-0.240589	-0.123142	-0.296127	0.369734	0.348681	0.195132	0.0553	0.54221	0.459039	0.25864	-0.0285506	0.396323	-0.173493	0.111381	0.165552	-0.478542	0.125725	0.0278764	0.0395641	0.288859	0.410923	0.203489	-0.451911	-0.274024	0.419975	-0.099246	0.0259389	-0.151081	-0.177122	-0.160434	-0.173551	-0.0761182	0.184926	0.279717	0.155538	-0.0187991	-0.292486	0.0181279	0.154097	-0.538018	0.280565	0.192727	0.26137	0.213695	-0.0525694	0.0690191	0.372504	-0.298101	-0.131916	0.207491	-0.497452	-0.220774	-0.641777	-0.454728	-0.127593	-0.534395	-0.258356	0.0798685	0.0471939	0.195332	-0.369653	0.0231693	-0.115872	0.0440252	0.471408	-0.0834617	-0.412603	0.426336	-0.204911	0.00288953	0.14919	0.212973	-0.149991	-0.0829787	0.205403	0.13766	0.217196	0.116077	0.0049267	-0.108654	0.0909198	-0.234013	-0.0706533	-0.211449	-0.00970955	-0.237249	0.321796	0.00351194	-0.0994326	-0.0813287	
0.280126	0.267434	0.0489457	0.363947	0.302694	0.0686552	-0.226654	-0.1845	-0.111854	1	0.13868	-0.332171	0.170085	0.31279	-0.459729	0.0869799	-0.575525	-0.232952	-0.397912	-0.376847	0.0840967	-0.00502869	-0.0333909	0.136428	0.0807936	-0.208206	0.148891	-0.097911	0.084202	0.137508	-0.198292	0.000165026	0.0563896	-0.128541	-0.0928823	0.022894	-0.416577	-0.0146412	-0.168847	-0.114719	-0.00716024	0.0146981	-0.168424	0.185999	0.193629	0.0654387	-0.0161548	-0.431366	0.285772	-0.0468953	-0.0921723	0.248244	0.151225	-0.19184	-0.0985339	0.0886999	0.580574	-0.0476599	0.354332	0.123367	-0.0437272	0.327161	0.0399772	0.098402	0.131208	0.0993803	0.0251143	0.211486	-0.0574504	-0.0505001	0.184817	-0.130947	-0.0680269	-0.512851	0.519025	0.243107	-0.0199615	-0.0581497	-0.337746	-0.0253192	0.331106	0.37431	-0.100173	0.090776	-0.0451738	0.33016	0.0451982	0.116848	0.113719	0.0774986	-0.0290836	0.379497	0.342482	0.0176216	0.151922	-0.0252846	0.0807141	-0.0641355	-0.13274	-0.00582274	-0.276927	-0.162724	0.103232	0.2131	-0.236551	0.0456241	0.0289147	-0.153971	-0.244197	-0.475757	0.191171	-0.0768253	0.447825	0.260124	-0.102958	0.113362	-0.406303	-0.405166	0.30933	
0.32569	0.0405571	-0.402939	-0.223708	0.343452	0.503292	0.0883884	0.0903154	0.332549	0.13868	1	0.13787	0.433671	-0.127323	0.00382257	0.339896	-0.181023	-0.0720702	-0.309636	-0.0188737	-0.190048	-0.0730743	0.311271	0.118846	-0.109101	0.436403	0.184818	0.196705	0.367873	-0.364107	0.117934	-0.0261007	0.0699265	-0.303272	0.236373	-0.0112366	-0.000939861	-0.276826	-0.264545	-0.147384	-0.186326	-0.554767	-0.209214	0.34174	-0.304768	0.698421	-0.296632	-0.392818	0.147937	0.0959802	0.249012	-0.234643	0.0939788	-0.109015	-0.280889	-0.0911294	0.366746	-0.165852	0.0118661	-0.0478202	0.327152	0.0779914	-0.352973	0.01654	0.400177	0.255174	0.157151	0.0664129	0.0271728	-0.0262637	-0.0458939	0.383874	0.149648	-0.229413	0.345891	0.155021	0.0607073	0.202126	0.13033	0.10044	-0.0621704	-0.400007	-0.0673503	-0.130748	-0.00260464	-0.18163	0.14608	0.0601855	-0.275191	-0.0472041	-0.296789	0.00521218	0.273993	-0.235353	-0.0288522	0.159628	-0.171417	-0.244733	0.0473002	-0.0104086	-0.31676	-0.0889997	0.496856	0.179623	0.00379244	0.244123	0.140951	-0.163395	0.0460404	0.0939906	0.152635	-0.258849	0.226868	0.0912805	-0.00625148	-0.129921	-0.0521495	-0.0166824	0.406271	
-0.0871217	-0.393437	0.156745	0.0630506	0.311016	0.156618	0.315321	0.281475	0.128085	-0.332171	0.13787	1	-0.250982	-0.0546773	0.351585	0.424396	0.239701	0.141183	0.182137	0.490172	0.0169767	0.325455	0.202174	-0.32159	-0.527772	0.0205681	0.13156	0.325556	-0.122896	0.183596	0.354267	0.422606	0.136188	0.430573	0.296061	-0.389233	0.0377801	-0.277437	0.20145	-0.0186559	-0.136978	-0.157965	-0.163305	0.0499441	0.092784	0.318885	0.329019	-0.0214249	0.0890467	0.396577	0.581196	0.0156212	0.0489561	0.16503	-0.380761	-0.469292	-0.1449	0.323847	-0.0014739	-0.423717	-0.010382	-0.0938771	-0.162131	-0.0406506	-0.0177263	0.115555	0.344488	0.310331	-0.0169672	-0.0299694	-0.200234	0.417001	0.25001	0.0972333	-0.288532	-0.376327	-0.0683446	-0.21036	0.338189	-0.0918882	0.0914588	-0.302336	-0.129923	-0.120761	-0.00412175	0.36974	0.512719	-0.688192	-0.105502	0.283217	0.215487	-0.402003	-0.196426	0.0372522	0.235774	-0.261706	0.196175	-0.187588	-0.251325	0.041297	0.236318	-0.287708	0.317086	0.014706	0.371117	0.226232	-0.250427	-0.562963	0.0493693	0.397432	0.0581745	-0.268927	-0.245866	-0.464115	-0.169678	0.365383	-0.170571	0.219469	0.198473	
0.359075	0.201547	-0.352628	-0.0829895	-0.236229	0.346197	-0.324701	0.104176	0.199398	0.170085	0.433671	-0.250982	1	0.0388614	-0.170347	0.0598704	-0.0118694	-0.208207	-0.254996	-0.573837	-0.226523	-0.336902	0.388286	-0.208184	0.251788	0.0403815	0.0312194	-0.153255	0.0925604	-0.0633029	-0.289439	-0.224854	0.297086	-0.578578	0.109619	0.0141436	-0.0216872	-0.115754	-0.282246	0.0278452	0.296424	-0.382718	-0.252711	-0.010462	-0.0687656	0.247586	-0.0631931	-0.112698	-0.103179	0.286418	-0.181736	-0.425232	-0.161248	-0.248014	-0.331743	-0.0229645	-0.177592	-0.00170739	0.161639	0.278746	0.221064	-0.160505	-0.234458	0.126496	0.381558	0.415677	0.233039	0.29979	0.289244	0.0686523	-0.190617	-0.0870481	0.0343401	-0.126128	0.706984	-0.0351505	-0.251789	-0.138154	0.0958363	0.172151	-0.0559113	-0.385263	-0.255841	-0.264875	-0.00751295	-0.475798	-0.295055	0.396138	-0.0732269	-0.219645	-0.250602	0.188456	0.189355	-0.10888	-0.0374459	-0.153874	-0.0205854	0.049611	0.187002	-0.358499	-0.045998	-0.120501	-0.0713426	0.393477	0.197928	0.258851	0.27992	0.159941	0.212075	-0.417135	0.276422	-0.286734	0.378789	0.110386	-0.290394	-0.0566169	-0.144071	-0.0559103	0.433727	
-0.168682	0.125614	0.215314	0.304792	-0.137883	0.134323	-0.0585596	-0.0471243	0.0963556	0.31279	-0.127323	-0.0546773	0.0388614	1	-0.250072	0.0767053	-0.189132	-0.152064	0.097485	-0.120753	0.646057	-0.303679	0.307545	-0.277305	0.0553464	-0.069771	-0.0731347	0.207368	-0.40596	0.46886	-0.25672	-0.0302823	0.174787	0.162435	-0.169049	0.423211	-0.424708	0.0382142	0.203677	-0.335269	0.115882	0.234958	-0.0498817	-0.196253	-0.105964	-0.168967	0.218429	0.0817873	-0.0275046	0.0362972	-0.0975645	0.392131	-0.131128	-0.0185782	0.0461958	-0.203771	-0.15349	-0.0616313	-0.0367762	-0.325878	0.0145938	0.446592	0.285394	-0.126499	0.235119	0.102227	-0.134364	0.224382	-0.221301	-0.0442943	-0.0902426	0.145371	-0.230147	-0.0156513	-0.0439746	0.0126214	-0.179728	-0.368998	-0.269561	-0.378392	-0.241565	-0.00544578	-0.186256	0.19351	-0.311592	0.174569	0.0246829	-0.0380712	-0.182262	-0.121378	0.108122	-0.0844645	-0.201366	0.379306	-0.291389	-0.157216	0.284648	0.398745	0.343028	0.0898059	0.244558	-0.0817471	-0.0404098	0.00159244	-0.193239	-0.232898	-0.294853	-0.241001	-0.351317	0.190148	-0.114807	0.388862	-0.467933	-0.0786558	-0.073957	0.177551	0.026018	-0.256285	-0.0206876	
0.092252	-0.487569	0.0841741	-0.34983	-0.265012	0.0010608	0.143284	0.10867	0.154313	-0.459729	0.00382257	0.351585	-0.170347	-0.250072	1	0.0775036	0.100838	0.114637	-0.0125057	0.283803	-0.0512875	0.059643	-0.126921	-0.118016	0.0326305	0.217898	-0.256443	-0.0261708	-0.0541682	-0.0335202	0.192084	0.330055	0.337371	0.269603	0.308293	-0.128926	0.192682	0.0689811	0.186215	0.0410762	0.0142986	0.0779615	0.237231	0.144312	-0.0445256	0.180248	-0.173315	0.328579	-0.498618	-0.190258	0.398747	-0.221456	-0.0909471	0.0430272	-0.0269432	-0.244264	-0.293622	-0.182467	-0.325082	-0.162661	-0.133098	-0.24661	0.13763	0.00706771	0.0149766	-0.115957	-0.169177	-0.04538	-0.00347319	0.155794	-0.145889	0.378106	0.106755	0.416418	-0.452385	0.00544593	0.445184	0.231858	0.350712	-0.0718996	-0.0963095	-0.231562	-0.120624	-0.054907	0.0908008	-0.0825424	-0.103701	0.0584285	0.0502842	-0.0700971	0.170881	-0.209383	-0.345104	0.0736789	-0.259896	0.207447	0.256989	-0.161641	0.272627	0.104424	0.295777	-0.299527	-0.262711	-0.22403	0.389355	0.172559	0.0666043	-0.22917	0.194192	0.458907	-0.414667	-0.33873	-0.450752	-0.185941	-0.300424	-0.0698798	0.189276	0.476696	-0.0333473	
0.162764	-0.400177	0.237975	0.122864	0.316829	-0.0863517	-0.116643	-0.00673363	0.538269	0.0869799	0.339896	0.424396	0.0598704	0.0767053	0.0775036	1	0.0655095	0.197424	-0.230139	0.298849	0.0924132	0.117315	0.0610008	-0.203254	-0.637187	0.38404	0.221341	0.188563	0.509231	-0.134996	0.164324	0.171103	0.0825233	0.420471	0.441624	-0.400813	0.150383	0.310419	0.254016	-0.192131	-0.189363	-0.391591	0.184881	0.125933	0.0442796	0.144873	0.193495	-0.443495	0.553389	0.366787	0.187937	-0.048909	0.136988	0.34687	0.0529484	0.18724	0.18242	0.132885	0.181404	-0.357611	-0.242461	0.29854	-0.163829	0.342882	-0.146632	-0.0817717	0.0923353	0.322613	-0.238683	0.316532	0.183117	0.397042	0.646702	-0.00670315	-0.136633	0.212326	-0.207854	-0.0165055	0.545981	-0.382237	0.297276	-0.129969	-0.151125	0.133831	-0.208591	0.189085	0.718652	-0.34829	-0.104202	0.321043	0.0860503	0.145562	0.342646	0.0401458	0.209116	-0.413671	0.0748488	-0.331269	-0.254647	0.274368	0.0618916	-0.130168	0.313854	0.080369	0.128566	0.31355	-0.141385	-0.129296	0.14891	0.166834	-0.214881	-0.272973	0.0477339	-0.400514	-0.163379	0.541722	0.237903	-0.12073	0.0102544	
-0.292158	-0.00954445	0.389262	-0.327513	-0.113375	-0.059528	-0.280524	-0.124576	-0.0582581	-0.575525	-0.181023	0.239701	-0.0118694	-0.189132	0.100838	0.0655095	1	0.0219293	0.337218	0.30188	-0.152299	0.0103736	-0.114334	-0.386498	-0.277899	0.0916124	-0.0699951	0.0892518	-0.0101137	-0.0367184	0.120528	-0.0501486	-0.153655	-0.0569636	0.089753	-0.022878	0.328872	0.0403435	0.175292	0.137574	-0.186196	-0.138323	0.0500842	-0.508974	0.145309	-0.226309	0.409843	0.248248	-0.0251616	0.151913	-0.0990972	0.0499342	0.0622996	0.0533193	0.217827	-0.0694983	-0.313663	0.395904	0.271101	0.211621	-0.0644983	-0.424255	-0.117548	0.169979	-0.39744	0.0927947	0.257119	-0.158339	0.340508	-0.033388	0.148172	-0.106447	-0.00144457	0.209064	-0.345705	-0.552712	-0.206853	-0.372294	0.343062	0.413418	0.222782	-0.232169	0.377629	0.0427358	0.161853	-0.0111301	0.288625	-0.167173	-0.119934	0.340145	-0.165407	-0.272453	-0.0354987	-0.0405684	0.252883	-0.370869	-0.347017	0.330128	0.0123285	-0.349325	-0.0688189	0.157274	0.153678	-0.431082	0.280477	-0.248626	0.376733	-0.104988	-0.195443	0.374872	0.174938	0.0913311	-0.19889	-0.170605	0.338985	0.0908239	0.425997	-0.177485	-0.337615	
-0.0147318	-0.236272	-0.140716	0.0921993	0.208275	-0.131521	-0.0454274	-0.069329	0.313339	-0.232952	-0.0720702	0.141183	-0.208207	-0.152064	0.114637	0.197424	0.0219293	1	-0.202335	0.317357	0.100359	0.562957	0.0668877	0.066136	-0.215329	-0.0463916	0.33943	0.0347414	-0.0220807	-0.0965601	0.126906	0.0354376	0.227622	0.122705	-0.00893622	-0.362884	0.376708	0.342012	0.115356	0.194341	0.519962	-0.246045	0.607458	0.132719	-0.171277	-0.280881	0.26091	0.340805	0.215568	0.443195	-0.0262357	-0.195228	-0.358978	0.293392	0.257575	0.0301569	-0.0113695	-0.227863	-0.183859	-0.21503	-0.249815	0.0515226	-0.131571	-0.206634	-0.046379	-0.351348	-0.126941	-0.0931401	-0.57588	0.470848	0.272742	-0.0826005	0.355241	0.279797	-0.101929	0.101624	-0.131409	0.0218465	0.293942	-0.306575	0.00142729	-0.0502701	-0.0949032	-0.210611	0.105709	-0.115709	-0.0114434	-0.0164117	0.139362	0.0563418	0.216681	0.0707496	-0.146072	0.280327	-0.0799401	-0.140742	0.350667	-0.338604	-0.120148	0.159589	-0.0800863	-0.0397365	-0.0822578	0.220846	0.278954	0.145973	-0.208942	-0.0501224	0.286148	0.0303848	-0.167864	-0.233805	0.0684086	-0.33127	-0.398822	0.0124238	0.100825	-0.0384039	-0.106561	
-0.0100334	-0.0064934	-0.0054532	0.0988709	-0.220842	0.025454	0.340418	-0.0544261	-0.259596	-0.397912	-0.309636	0.182137	-0.254996	0.097485	-0.0125057	-0.230139	0.337218	-0.202335	1	0.116195	-0.0738526	-0.296815	0.112989	-0.0943681	0.0255421	0.0822649	-0.473661	0.118987	-0.315155	-0.248302	-0.0475636	-0.0125644	-0.238542	0.224733	-0.437039	0.0926415	0.0591979	-0.129558	0.315206	-0.296121	-0.16791	0.390218	-0.175566	-0.279448	-0.0599629	0.0770672	0.285044	0.264362	-0.104211	-0.0030109	-0.206954	-0.0832442	0.0687869	-0.177568	0.126075	-0.198643	-0.348061	0.342819	-0.0292406	-0.0233586	0.16799	-0.255086	0.132425	0.0126268	-0.0967177	0.183148	0.479629	0.181953	0.0375881	-0.0460053	-0.554972	-0.114259	-0.187966	0.173405	-0.180973	-0.341981	-0.101742	-0.0680994	-0.333381	-0.0805443	-0.173251	-0.236557	0.0667242	-0.127256	0.351362	0.438691	-0.00941866	-0.449083	-0.12229	-0.09133	0.198117	-0.199116	-0.00697645	0.262762	-0.199883	-0.0237643	-0.0584829	0.0826831	0.25871	0.147312	0.361565	0.0356594	0.202588	-0.272166	-0.163846	0.0432598	-0.247991	-0.0352812	-0.278648	0.403501	-0.121824	0.330786	-0.338456	-0.131627	0.142042	-0.139451	0.331278	0.286159	-0.49584	
-0.130236	-0.610346	0.36347	0.0602774	0.220249	-0.0868555	0.128682	0.235961	-0.0773805	-0.376847	-0.0188737	0.490172	-0.573837	-0.120753	0.283803	0.298849	0.30188	0.317357	0.116195	1	0.268192	0.496076	0.096284	0.00948579	-0.330215	0.237508	-0.156138	0.182146	0.097387	-0.179512	0.0662719	0.219027	-0.157641	0.3447	0.0285099	-0.365634	0.147371	0.148967	0.0563143	-0.302467	-0.446816	0.104358	0.495805	-0.0122413	-0.095516	-0.0860896	0.0686879	-0.105694	0.16157	-0.0199012	0.211314	0.186084	0.38793	0.271078	0.27097	0.232517	0.11956	-0.0449367	-0.0552617	-0.494816	-0.428237	0.178237	-0.155142	-0.349587	-0.474264	-0.15868	-0.0814374	0.0768095	-0.165057	0.0976308	0.0810806	0.366806	0.491694	0.276969	-0.570151	-0.22029	0.135672	0.174643	0.336685	0.00571081	0.0537889	0.103486	0.196387	-0.0112723	0.184357	0.294379	0.522231	-0.401033	-0.351996	0.551387	0.355357	0.115924	-0.0679477	-0.130283	0.1653	0.0391268	-0.108756	-0.309085	-0.176151	0.292898	0.109057	0.0681077	0.382897	-0.254742	0.175015	-0.00323694	-0.457192	-0.23937	0.0915525	0.472625	-0.0990955	0.0375589	-0.37825	-0.458589	0.0243277	0.303176	0.280311	0.279691	-0.398995	
-0.353685	-0.136027	0.0752835	0.221238	-0.225866	-0.181339	-0.095041	-0.143738	0.378074	0.0840967	-0.190048	0.0169767	-0.226523	0.646057	-0.0512875	0.0924132	-0.152299	0.100359	-0.0738526	0.268192	1	0.192471	-0.00748244	-0.122387	-0.00812977	-0.249504	-0.291467	0.0209359	-0.354869	0.194827	-0.556261	-0.257028	0.271409	0.433353	-0.280952	0.210827	0.0137796	0.333323	0.189183	-0.43302	0.172905	0.49727	0.244453	0.120732	-0.406534	-0.336197	0.143417	0.169089	-0.00749017	0.0459761	0.0896958	0.101214	0.065562	0.215246	0.132267	0.0804094	-0.24474	-0.409376	-0.287342	-0.358235	-0.244231	0.501939	0.427231	-0.461204	-0.186774	-0.224432	-0.181338	0.143551	-0.47644	-0.0911527	0.0133846	0.236789	0.0227998	0.177632	-0.197937	0.159265	-0.0841787	-0.100931	-0.18441	-0.480598	-0.391399	-0.0832713	-0.347398	-0.0399754	-0.562686	0.00765721	0.0649139	0.0468065	-0.0280695	-0.16425	0.40572	0.0294508	-0.120871	0.537542	-0.0795321	-0.173815	0.49382	0.184863	0.265169	0.213411	0.392387	0.0944588	-0.207855	0.110784	0.00813256	-0.14422	-0.353352	-0.226514	-0.268839	0.12602	-0.086512	0.456562	-0.645743	-0.10655	-0.117912	0.377576	-0.0906922	-0.0488764	-0.323994	
-0.186891	-0.0597846	0.0127111	0.106455	0.273985	-0.14397	-0.158332	0.106979	0.094529	-0.00502869	-0.0730743	0.325455	-0.336902	-0.303679	0.059643	0.117315	0.0103736	0.562957	-0.296815	0.496076	0.192471	1	-0.252965	0.225866	-0.283008	-0.338281	0.00610966	-0.32329	0.0252743	0.0669723	-0.0723733	-0.136085	0.196303	0.145132	0.0861806	-0.368432	0.448204	0.136905	-0.170522	0.167948	0.174194	-0.0354147	0.292647	0.158296	-0.13516	-0.0611633	0.0869234	0.0204213	0.140962	0.414957	0.449856	-0.0463345	0.11676	0.142225	-0.0535389	0.0574468	0.17334	-0.0265761	0.00985966	-0.0369441	-0.16863	0.200074	-0.0535522	-0.303048	-0.434319	-0.354423	0.0852391	0.102911	-0.275962	-0.0202023	0.386517	-0.235213	0.286831	-0.0582524	-0.10869	-0.140074	0.171506	-0.07137	0.0675295	-0.0766003	0.180809	0.149958	0.0978995	-0.186803	-0.0316244	0.220681	0.260924	-0.016245	0.0493211	0.17383	0.227795	0.111512	-0.0726394	0.0010966	0.264217	-0.222634	0.203502	-0.300083	-0.47595	-0.100782	-0.0157191	-0.0984174	-0.00705075	0.121318	0.468352	-0.0902693	-0.099846	-0.24554	0.120105	-0.064247	0.326524	-0.0130026	0.179521	0.0388019	-0.0969814	0.353976	-0.342569	0.0852384	0.0716855	
0.292699	-0.294035	-0.226945	0.272222	0.0994532	0.543445	0.19625	0.272579	-0.141597	-0.0333909	0.311271	0.202174	0.388286	0.307545	-0.126921	0.0610008	-0.114334	0.0668877	0.112989	0.096284	-0.00748244	-0.252965	1	-0.0865552	0.0126162	0.17361	0.156191	0.451487	-0.218566	-0.0220792	-0.100433	0.149519	-0.107951	-0.257863	-0.164442	-0.133887	-0.36143	-0.173726	0.0148429	-0.413659	0.0435162	-0.171724	0.120721	-0.0694131	-0.107009	0.160823	0.148532	-0.113808	-0.0145586	0.265029	-0.271408	-0.0624138	-0.117405	0.100639	-0.0776631	-0.0750585	-0.0197819	-0.149012	0.0384913	-0.424301	-0.0636876	0.0863957	-0.21973	-0.241107	0.54938	0.416971	0.125938	0.338651	-0.0338989	0.167484	-0.489619	0.314757	0.256765	0.0486231	0.274816	-0.155985	-0.375797	-0.0922565	0.0409753	-0.00761072	-0.098887	-0.177413	-0.1229	-0.379323	0.192886	-0.108283	-0.111443	-0.20689	-0.348952	0.114718	0.191265	0.092719	-0.18365	-0.126711	-0.0703742	0.0911055	0.00695706	-0.191702	0.169896	0.225202	0.153488	-0.178638	0.39818	0.332108	0.0284244	0.28168	-0.470561	-0.148497	0.268929	-0.0846048	0.175945	-0.291263	-0.0425732	-0.434735	-0.473856	0.0582812	0.00643491	0.0788499	0.199465	
0.0509234	0.237926	-0.482992	-0.0809449	0.0224096	0.0405087	-0.0355265	-0.131356	-0.19875	0.136428	0.118846	-0.32159	-0.208184	-0.277305	-0.118016	-0.203254	-0.386498	0.066136	-0.0943681	0.00948579	-0.122387	0.225866	-0.0865552	1	0.102235	0.0392459	-0.0790433	-0.0426025	0.269248	-0.204377	-0.0984183	-0.460898	-0.387766	-0.0602081	-0.109515	-0.00208585	0.203467	0.0590594	0.0136207	-0.185284	-0.0212644	0.181895	0.177276	0.378695	-0.349241	-0.00890982	-0.367494	0.0085334	-0.0737992	-0.0421535	-0.0779742	-0.1583	-0.0593921	0.0252556	0.332188	0.259246	0.416546	-0.502558	-0.14622	0.360422	0.230395	0.197261	0.175564	-0.137163	0.126177	-0.361757	-0.0668756	-0.439019	-0.250079	-0.250774	0.0347	-0.309762	-0.0308773	-0.132232	-0.0321924	0.446095	0.382922	0.384949	-0.503513	-0.143435	0.0502916	0.377453	0.296842	-0.240132	-0.0769699	-0.0574864	-0.146116	0.396887	-0.00066223	-0.329114	0.193231	0.234295	0.177167	-0.307214	-0.156977	0.352249	-0.0428248	-0.182666	-0.113843	0.16884	-0.196892	0.194944	0.0384715	0.247573	-0.0561958	-0.12136	0.0347463	0.0817493	0.23632	-0.270088	0.310357	0.0804372	0.249708	0.473257	0.135807	-0.144584	-0.0771562	0.0941657	-0.00606836	
0.375833	0.0798686	-0.305325	-0.241923	-0.507465	-0.0791238	-0.0456354	0.283735	-0.272851	0.0807936	-0.109101	-0.527772	0.251788	0.0553464	0.0326305	-0.637187	-0.277899	-0.215329	0.0255421	-0.330215	-0.00812977	-0.283008	0.0126162	0.102235	1	-0.0751233	-0.282426	-0.187829	-0.103492	-0.0142309	-0.263476	-0.0776698	0.342186	-0.3299	-0.158664	0.12997	-0.200484	-0.233365	-0.416391	0.104334	0.218541	0.421201	-0.144067	0.0709647	-0.156407	-0.131699	-0.461161	0.38751	-0.410741	-0.395576	-0.194502	-0.26385	-0.220825	-0.523338	-0.188256	0.0173239	-0.153604	-0.26746	-0.187814	0.27259	0.069822	-0.341381	0.00933538	-0.427818	0.0655537	0.0326297	-0.264643	-0.0954919	0.0757906	-0.0799693	-0.226108	-0.214344	-0.42964	0.0451848	0.390403	-0.0552155	0.344978	0.309199	-0.374971	0.254455	-0.543242	-0.05401	-0.304911	-0.150051	0.343953	-0.305976	-0.716528	0.502402	-0.133693	-0.370667	0.124634	0.308399	-0.00536131	-0.117373	-0.532074	0.383495	0.149938	0.0709672	0.323655	-0.297032	-0.152088	0.164752	-0.328474	0.271897	-0.116833	0.151164	-0.0159438	0.231916	0.108744	-0.218021	-0.154925	-0.0346021	-0.0631208	0.221384	-0.195484	-0.616246	-0.169977	0.430495	-0.0351037	
0.140283	-0.306352	0.101736	-0.140629	0.0342238	0.107696	-0.0360186	0.330206	0.0110754	-0.208206	0.436403	0.0205681	0.0403815	-0.069771	0.217898	0.38404	0.0916124	-0.0463916	0.0822649	0.237508	-0.249504	-0.338281	0.17361	0.0392459	-0.0751233	1	-0.0529662	0.154882	0.406943	-0.345275	0.344501	0.269405	-0.055798	0.0702687	0.40754	0.00354506	-0.135718	-0.119833	-0.0183935	-0.0942655	-0.476904	-0.311443	0.153642	-0.0282195	-0.0357699	0.319634	-0.180203	-0.247286	-0.0880047	-0.311601	0.060017	-0.0322276	0.230529	-0.0826091	0.149813	0.261661	0.143651	-0.0939403	-0.058429	-0.300446	0.0359108	0.00796901	-0.286749	0.197988	0.000496986	-0.0520238	-0.277501	-0.100653	0.0384896	0.0871444	-0.142912	0.222868	0.253666	0.21778	-0.292631	-0.024951	0.351516	0.481205	0.310243	-0.098008	-0.165735	0.032022	0.175584	0.363597	0.261508	-0.0513916	0.179068	-0.0311559	-0.64419	0.0651755	-0.232565	0.0641359	0.215142	-0.315584	-0.263034	0.291879	-0.388951	-0.0359142	0.304094	0.340229	-0.124024	0.40304	0.408543	-0.107809	-0.199051	0.0724373	-0.0675143	0.20035	0.358747	0.53106	-0.398597	-0.0663262	-0.0451779	-0.373396	0.153671	-0.314384	0.715865	0.127291	-0.1547	
0.0703062	0.0511502	0.0376822	-0.0660008	0.535148	-0.0596935	0.146114	-0.064709	0.11642	0.148891	0.184818	0.13156	0.0312194	-0.0731347	-0.256443	0.221341	-0.0699951	0.33943	-0.473661	-0.156138	-0.291467	0.00610966	0.156191	-0.0790433	-0.282426	-0.0529662	1	0.404582	0.191329	0.274338	0.623118	0.248305	-0.157915	-0.149642	0.381635	-0.166001	-0.198412	-0.104126	-0.0218622	0.403694	0.185902	-0.591758	0.0223906	-0.0587538	0.276481	-0.084953	0.0944398	-0.156759	0.424786	0.20566	-0.0257405	0.257957	-0.351173	0.349833	-0.151699	-0.0652724	0.343408	0.130142	0.222715	-0.11232	-0.142247	0.000487073	-0.239967	0.174147	0.289029	-0.0121954	-0.239992	-0.289065	-0.128154	0.245893	0.396039	0.133122	0.094537	-0.280632	0.11077	0.121005	-0.390893	-0.232737	0.321479	0.184939	0.331973	0.0903629	0.0275888	0.0830577	-0.0892519	-0.193611	0.131266	-0.153017	0.165752	0.233116	-0.209245	-0.228412	-0.108536	-0.198713	0.175708	-0.134423	-0.0422128	-0.116583	-0.431755	0.00731862	-0.461361	-0.0888132	0.223299	0.202159	-0.0576444	0.030682	0.135135	-0.0186759	0.117682	-0.260508	0.0729309	-0.485811	0.338801	-0.111664	-0.0578985	0.0248756	-0.200674	-0.486985	0.364951	
0.11273	-0.325454	-0.0751702	-0.0529204	0.27223	0.36773	0.192299	-0.144488	-0.0111887	-0.097911	0.196705	0.325556	-0.153255	0.207368	-0.0261708	0.188563	0.0892518	0.0347414	0.118987	0.182146	0.0209359	-0.32329	0.451487	-0.0426025	-0.187829	0.154882	0.404582	1	0.121147	-0.00528135	0.177774	0.373406	-0.257222	0.261348	-0.121061	-0.0136616	-0.303054	-0.120276	0.332798	-0.220021	-0.244171	0.0202842	-0.102925	0.0377188	0.156086	-0.183002	0.110956	0.0726672	0.314668	-0.0207666	-0.315273	0.0900594	-0.262654	0.318214	0.150892	-0.277468	0.1821	-0.182577	0.220316	-0.276562	0.0347524	-0.164405	0.0240869	-0.0113416	0.394696	0.061581	-0.0466991	-0.303112	-0.0412657	-0.177879	-0.0448722	0.451655	-0.0562904	-0.0640778	-0.121787	0.0777972	-0.380498	-0.0859305	0.112414	0.0744631	-0.0470497	-0.156106	0.0793565	-0.00592136	-0.0370848	-0.0526812	0.191226	-0.490122	0.0641642	0.191499	0.0719674	-0.25992	-0.148557	-0.0824741	0.0765045	-0.114197	-0.0650531	0.0895809	-0.0109792	0.118981	-0.324654	-0.0407498	0.387479	0.084407	-0.390863	0.260899	-0.0715683	-0.264093	-0.153271	0.136492	-0.0523022	-0.241803	-0.277399	-0.381788	-0.150723	-0.103063	0.166008	-0.204424	-0.0056021	
0.403285	-0.174054	-0.0506535	-0.303774	0.22295	-0.10103	-0.198741	0.0688669	0.208794	0.084202	0.367873	-0.122896	0.0925604	-0.40596	-0.0541682	0.509231	-0.0101137	-0.0220807	-0.315155	0.097387	-0.354869	0.0252743	-0.218566	0.269248	-0.103492	0.406943	0.191329	0.121147	1	-0.402748	0.156772	0.0150299	-0.147161	0.0832837	0.402421	-0.215033	0.25889	0.191661	-0.166232	0.12521	-0.408573	-0.262096	-0.00577009	0.0757933	0.10973	0.0365206	-0.472291	-0.448336	0.53905	-0.0655315	-0.09241	-0.210785	0.0820738	0.192625	0.0997302	0.451139	0.511173	0.0305018	0.392362	0.098423	-0.0369943	-0.0170184	-0.166641	0.358235	-0.254791	-0.294569	-0.18437	-0.153579	0.0685347	-0.0182988	0.467775	-0.0025159	0.305977	-0.34854	0.0474414	0.301485	0.0445986	0.271978	0.317245	0.120122	0.158405	0.0547792	0.232401	0.253768	0.0581849	-0.122848	0.354068	0.0148963	-0.0573112	0.171464	-0.217329	0.338991	0.381511	-0.546173	0.0932866	-0.177228	-0.408328	-0.303125	-0.490599	-0.0354046	-0.481663	0.100676	0.27049	0.0516676	-0.26503	0.257053	0.233595	0.40761	0.209078	-0.110579	-0.120408	-0.253852	0.396996	0.0800587	0.102255	0.00668623	0.262738	0.0287984	-0.0011162	
-0.435025	0.2363	0.40488	0.180414	-0.127674	-0.00756078	-0.0953444	0.257534	-0.240589	0.137508	-0.364107	0.183596	-0.0633029	0.46886	-0.0335202	-0.134996	-0.0367184	-0.0965601	-0.248302	-0.179512	0.194827	0.0669723	-0.0220792	-0.204377	-0.0142309	-0.345275	0.274338	-0.00528135	-0.402748	1	0.213413	0.18257	0.216373	-0.0294689	0.310362	0.159994	-0.441659	-0.337932	-0.0870791	0.30093	0.190822	-0.0372302	-0.216055	-0.168352	0.36064	-0.236528	0.110522	0.173873	-0.29947	0.0297369	0.324555	0.562326	-0.174962	-0.11236	-0.283393	-0.401475	-0.251796	0.192372	-0.0212294	-0.0239899	0.108678	0.189583	0.0385634	-0.101916	0.164678	0.0822753	-0.256034	-0.107951	0.202876	-0.258844	0.148848	-0.0813196	-0.293009	0.0256379	-0.220812	-0.184714	0.111566	-0.406597	0.0153478	0.0321996	0.0710995	0.348616	0.0450959	0.28801	-0.324865	-0.00126409	0.058237	0.0981373	0.0409757	0.0334482	-0.0490869	-0.391361	-0.428826	-0.038711	-0.0619213	-0.133949	0.205589	0.530757	-0.054464	-0.307667	0.0536884	-0.117389	-0.371945	0.017009	0.210399	-0.409947	0.0429256	-0.245073	0.0280271	-0.0421169	0.180259	0.0987266	-0.131826	0.0838576	0.0752574	0.13864	-0.342857	-0.187595	0.456146	
-0.0152635	0.00207926	0.294929	-0.244671	0.433035	-0.131606	0.363277	0.211351	-0.123142	-0.198292	0.117934	0.354267	-0.289439	-0.25672	0.192084	0.164324	0.120528	0.126906	-0.0475636	0.0662719	-0.556261	-0.0723733	-0.100433	-0.0984183	-0.263476	0.344501	0.623118	0.177774	0.156772	0.213413	1	0.475444	-0.183568	-0.0115432	0.617746	-0.129412	-0.170105	-0.336104	0.0178161	0.496005	-0.162769	-0.543138	-0.0715475	-0.148877	0.305576	0.269334	-0.000244763	-0.0903647	0.0618349	-0.0947008	0.351855	0.363074	-0.135759	0.0434172	-0.174768	-0.21419	0.206052	0.421067	-0.0210029	-0.131079	0.0214521	-0.180064	-0.339883	0.31891	0.0980255	-0.00417799	-0.205617	-0.276646	0.0720099	0.242363	0.168985	0.162848	-0.0106205	-0.0149796	-0.341345	-0.138624	0.171759	0.00506358	0.351303	0.18559	0.27512	0.126871	0.193574	0.336411	0.248439	0.143982	0.234591	-0.279327	-0.138773	0.256996	-0.289665	-0.388689	-0.126877	-0.313988	-0.0579658	0.203234	-0.223866	-0.10319	-0.273677	0.0555854	-0.277649	-0.013127	0.26741	-0.247067	0.0357361	-0.122354	0.0962578	-0.0694235	0.160159	0.346742	-0.243128	-0.33467	0.135627	-0.133019	0.267151	-0.192618	0.107012	-0.0811904	0.227992	
0.133648	-0.54435	0.440573	0.256182	0.271697	0.18251	0.26191	0.41229	-0.296127	0.000165026	-0.0261007	0.422606	-0.224854	-0.0302823	0.330055	0.171103	-0.0501486	0.0354376	-0.0125644	0.219027	-0.257028	-0.136085	0.149519	-0.460898	-0.0776698	0.269405	0.248305	0.373406	0.0150299	0.18257	0.475444	1	0.176948	0.186331	0.184791	-0.276647	-0.58355	-0.34724	-0.112299	0.213625	-0.35586	-0.181839	-0.128436	0.0396345	0.683039	0.0786505	0.0197174	-0.153051	0.0666106	-0.34863	0.122111	0.318025	0.138808	-0.115668	-0.203426	-0.28789	0.060827	0.247618	0.0976455	-0.493025	-0.116117	-0.207094	-0.408916	0.0747688	0.117903	0.240222	-0.219656	0.0966824	0.320236	0.0774744	-0.0655308	0.423969	0.114585	0.181443	-0.178594	-0.196557	0.0972574	0.194718	0.53649	0.163131	0.0476758	0.182441	-0.0291748	0.422477	0.398148	0.209189	0.225224	-0.551749	6.61661e-005	0.526588	-0.128367	-0.126698	-0.171279	-0.146406	0.0958402	0.140737	-0.118752	-0.0483796	-0.0359058	0.081881	-0.170684	-0.159721	0.0841786	-0.184293	-0.235309	0.332649	-0.251761	-0.0961585	0.151805	0.275161	-0.486348	-0.36522	-0.00989424	-0.612735	-0.209703	-0.234037	0.134234	0.151454	0.234676	
0.178492	-0.154052	-0.100276	0.0210185	-0.374539	-0.0439022	-0.193481	0.315357	0.369734	0.0563896	0.0699265	0.136188	0.297086	0.174787	0.337371	0.0825233	-0.153655	0.227622	-0.238542	-0.157641	0.271409	0.196303	-0.107951	-0.387766	0.342186	-0.055798	-0.157915	-0.257222	-0.147161	0.216373	-0.183568	0.176948	1	0.104771	0.216568	-0.123701	0.0110566	-0.184171	-0.322832	0.223559	0.460185	0.00357904	-0.136571	0.220406	-0.0266373	0.0863246	-0.0836672	0.337537	-0.264657	0.117795	0.409387	-0.358014	-0.148227	-0.390038	-0.51233	-0.308343	-0.415117	-0.075784	-0.139429	-0.0924335	0.0555495	-0.102169	-0.0620807	-0.299711	-0.0364028	0.00252123	-0.0613048	0.282961	-0.114933	0.0216273	-0.0572372	-0.0130434	-0.0367611	0.169433	0.247383	-0.120488	0.242992	0.0666888	0.164066	-0.16859	-0.441768	-0.353069	-0.563573	-0.0319002	-0.00443286	-0.15253	-0.203668	0.221632	0.00590527	-0.295022	0.0953068	-0.0471988	-0.068587	0.360284	-0.382035	-0.236955	0.579121	0.0720421	0.292203	-0.266595	0.0922581	-0.150561	-0.4043	0.363747	0.300469	0.349164	0.0208729	-0.126292	0.13381	0.0619976	-0.246013	-0.186053	-0.119056	-0.130607	-0.498066	-0.178107	-0.197903	0.308074	0.215822	
-0.136736	-0.43231	0.116629	0.0607176	0.0423653	-0.333148	0.071784	-0.104284	0.348681	-0.128541	-0.303272	0.430573	-0.578578	0.162435	0.269603	0.420471	-0.0569636	0.122705	0.224733	0.3447	0.433353	0.145132	-0.257863	-0.0602081	-0.3299	0.0702687	-0.149642	0.261348	0.0832837	-0.0294689	-0.0115432	0.186331	0.104771	1	0.0714361	-0.0755398	0.188105	0.329994	0.56392	-0.13477	-0.0997001	0.481718	0.0826105	0.0709797	-0.0528263	-0.20769	0.211386	0.112312	0.19982	0.0630371	0.204988	-0.102244	-0.0404873	0.435415	0.108809	-0.00414925	-0.0637873	-0.10018	-0.0558995	-0.426422	-0.237156	0.08541	0.491477	0.123813	-0.342111	-0.556417	-0.0981044	0.0697287	-0.464723	-0.0895655	-0.000715743	0.175849	0.108153	0.0654276	-0.476757	0.104567	0.00326316	0.0258316	0.000339672	-0.60872	-0.182376	-0.0557306	-0.19918	0.174205	-0.309589	0.359946	0.293268	-0.494834	0.0754949	-0.10957	0.378729	-0.125787	-0.0820156	0.326701	0.0561199	-0.312749	0.350985	-0.0741615	-0.106521	0.398261	0.322541	0.0871966	-0.00554951	0.0439542	-0.156851	0.164363	-0.259345	-0.152513	-0.0888762	0.336622	-0.39636	0.092022	-0.474777	-0.395641	-0.146901	0.318758	0.150406	0.100662	-0.389874	
