1	0.225398	0.546904	0.673372	0.762318	0.689364	0.6372	-0.104752	-0.0833279	0.311756	0.571096	0.502254	-0.240532	0.712743	0.621564	0.426633	0.246464	0.504779	-0.125289	0.242719	0.123874	0.493464	0.615734	0.363951	0.295516	0.121088	0.461404	0.144927	-0.205856	-0.0502969	0.377549	0.286315	0.452008	-0.0460565	0.292623	-0.0313302	0.375959	0.126105	0.433161	0.384252	0.340906	0.141896	0.151171	0.00463475	0.195782	0.223943	0.387188	0.721769	0.782237	0.245435	0.472024	0.174846	0.248179	0.71126	0.490476	0.439637	0.395673	0.21072	0.161266	0.0572386	-0.291246	-0.21756	0.216731	0.321524	0.379194	-0.0538897	0.298549	0.433512	-0.076241	0.340773	0.00821984	0.0690648	0.311807	0.350664	0.201837	0.226097	0.384555	-0.0877398	-0.17731	0.442684	0.00197622	0.330526	0.170661	-0.00432542	0.26217	0.152736	0.644229	0.18854	-0.0135714	0.260762	0.573918	0.407776	0.0613989	0.0749022	-0.0144791	0.585159	0.456766	-0.350738	-0.320666	-0.336894	0.4559	0.606494	0.25557	0.142171	0.243101	0.721089	0.242714	0.524677	0.161297	0.123347	0.604987	0.183396	-0.20497	0.422367	0.298025	-0.215014	-0.177038	0.185059	0.0875668	
0.225398	1	0.728804	-0.0179798	0.143566	0.452093	-0.0637317	-0.428767	-0.733561	0.493146	0.191407	-0.0144982	-0.357139	0.0725912	0.408843	0.279585	-0.285307	-0.150721	-0.203514	-0.191551	0.382507	0.271217	0.167982	0.111381	-0.114964	0.519266	0.146603	0.655134	0.0900453	0.594901	0.427695	0.637659	0.482914	0.718018	0.497891	0.243619	0.322406	0.358943	0.381905	0.519602	0.316989	0.448244	0.55402	0.59458	0.475985	0.524876	0.572937	0.463821	0.084149	0.253811	-0.155578	0.737903	-0.371366	0.433242	0.191305	-0.154361	-0.0115952	-0.476486	-0.160475	-0.585404	0.118223	0.192948	0.188916	-0.423822	0.393146	-0.634797	0.0273563	-0.0432099	-0.0714883	-0.249167	0.170494	0.271685	-0.323599	-0.37784	-0.00028116	-0.048932	-0.0947485	0.429411	-0.0461477	0.0402905	0.0901314	0.119309	0.313685	0.430863	0.198291	-0.185113	-0.0746795	-0.160327	0.405286	-0.2702	-0.139682	0.00910089	-0.144395	0.216946	0.14908	-0.122018	-0.0617443	0.132268	0.373289	0.235891	-0.017059	0.556317	0.380283	0.38277	0.379393	0.350029	0.317027	0.00610597	0.187029	0.633219	0.537313	0.24455	-0.652588	-0.120964	-0.18969	-0.16257	0.0469262	0.12469	0.202115	
0.546904	0.728804	1	0.260786	0.362103	0.791612	0.24194	-0.303334	-0.660162	0.461892	0.394759	0.0691497	-0.190301	0.288915	0.548605	0.323621	-0.0453163	0.203718	-0.264916	0.0569366	0.221745	0.263097	0.511788	0.186582	0.0713894	0.407287	0.330795	0.60609	0.107947	0.348778	0.540068	0.638193	0.616693	0.4498	0.558391	0.0216815	0.485246	0.200541	0.384446	0.474657	0.529762	0.426276	0.367931	0.426696	0.450229	0.479328	0.630473	0.738407	0.470607	0.127538	0.0979093	0.394761	-0.179229	0.783645	0.588437	0.00447784	0.0678211	-0.168217	-0.140391	-0.484738	0.112531	0.106826	0.267798	0.0103782	0.209935	-0.63368	0.0354798	0.0941647	-0.108769	0.010122	0.143833	0.201873	-0.152163	-0.132457	0.124563	0.146363	0.183541	0.482687	-0.00513159	0.196096	0.0270434	0.201614	0.271009	0.197873	0.262535	-0.137527	0.149865	-0.0515816	0.100115	0.117588	0.0517725	0.0995125	-0.0121396	0.187682	0.0192618	0.25957	0.112067	0.108951	0.192417	0.19679	0.287331	0.602771	0.452866	0.305249	0.47813	0.36295	0.4284	0.346104	0.23718	0.36617	0.632191	0.248887	-0.579603	0.105983	-0.164857	-0.260459	-0.0845499	0.393849	0.17689	
0.673372	-0.0179798	0.260786	1	0.657271	0.502883	0.779992	-0.0189384	0.241302	0.386179	0.779748	0.660774	0.235613	0.701772	0.456448	0.437735	0.480182	0.312868	-0.063008	0.137041	0.317045	0.462893	0.524023	0.530065	0.234151	0.179646	0.570571	0.136439	0.0703379	-0.0451558	0.401784	0.27306	0.419421	-0.125512	0.282234	0.170867	0.435541	0.129178	0.518545	0.32126	0.254744	0.37338	0.356805	0.119426	0.212375	0.248697	0.247078	0.673091	0.645631	0.454216	0.406819	-0.115979	0.285001	0.650425	0.599339	0.671707	0.703342	0.476978	0.406621	0.434114	0.00278641	0.127324	0.485393	0.635986	0.39679	0.294508	0.681012	0.71494	0.390019	0.592854	0.415934	0.374685	0.562684	0.370186	0.536513	0.440378	0.524496	-0.158665	0.0977655	0.694204	0.242708	0.59731	0.360249	0.149789	0.425256	0.350231	0.71992	0.540013	0.0705522	0.340251	0.812867	0.560131	0.309459	0.158343	0.169704	0.814582	0.608182	0.0280415	-0.10499	-0.308416	0.636864	0.609086	0.415439	0.235729	0.259383	0.567919	0.354341	0.660431	0.0464822	0.268665	0.532024	0.189117	0.143744	0.562423	0.584905	0.126347	0.0333109	0.0747637	0.260001	
0.762318	0.143566	0.362103	0.657271	1	0.67648	0.563864	-0.216633	-0.0330859	0.183638	0.576956	0.502544	-0.130166	0.545838	0.303917	0.319281	0.0985243	0.276983	-0.316556	0.0544906	0.260663	0.617701	0.768676	0.352579	0.170174	0.180416	0.316549	0.107013	-0.167477	-0.19225	0.34917	0.26363	0.407387	0.0356641	0.178723	-0.0106379	0.191551	0.0220395	0.260039	0.465407	0.110248	0.354874	0.158473	0.00669157	0.170251	0.301611	0.262538	0.63243	0.72533	0.21881	0.673472	0.0962573	0.178188	0.553007	0.636003	0.2786	0.403582	0.184917	0.0412225	0.0932107	-0.251318	-0.163151	0.182347	0.372807	0.254474	0.115416	0.321554	0.463015	-0.0666551	0.356634	0.0441439	0.135262	0.371026	0.0483903	0.229631	0.184654	0.303248	-0.107959	-0.0298929	0.416422	0.19878	0.340958	0.25195	-0.00133072	0.0926165	0.270536	0.436979	0.208414	0.038543	0.203878	0.448284	0.565153	0.157821	-0.159721	0.0797122	0.665621	0.548705	-0.226709	-0.22416	-0.286544	0.360125	0.510977	0.334344	0.293033	0.394056	0.790538	0.268347	0.586635	0.0406003	0.145597	0.514451	-0.0616309	-0.0982111	0.748908	0.442	0.0870527	0.0646628	0.0723663	0.264841	
0.689364	0.452093	0.791612	0.502883	0.67648	1	0.49504	-0.15178	-0.41389	0.55238	0.5508	0.372137	0.00599798	0.44598	0.431596	0.446103	0.217753	0.370985	-0.292215	0.21168	0.379289	0.413675	0.692293	0.440749	0.292443	0.473063	0.424287	0.397299	0.138669	0.195082	0.659622	0.651644	0.749764	0.372455	0.61162	0.0350757	0.575138	0.24787	0.523487	0.448855	0.408922	0.511182	0.364375	0.35661	0.507409	0.517142	0.578618	0.835529	0.700263	0.175011	0.270617	0.191651	-0.0651636	0.812328	0.808149	0.181245	0.32242	0.144537	0.0780886	-0.160532	0.149853	0.132911	0.3278	0.294521	0.175148	-0.318151	0.295943	0.30499	0.0652081	0.320999	0.257139	0.269987	0.0966314	0.058367	0.297199	0.180365	0.212291	0.262049	0.0465449	0.407952	0.248202	0.344435	0.411978	0.24775	0.32265	-0.111264	0.44871	0.183314	0.288862	0.103353	0.277857	0.216434	-0.060854	0.155084	0.164224	0.57134	0.358	0.11158	0.193884	0.0508477	0.397987	0.692735	0.494122	0.390602	0.477633	0.588985	0.469854	0.5229	0.125993	0.312002	0.62852	0.224301	-0.372007	0.360033	0.172015	-0.106859	0.0442013	0.214864	0.345451	
0.6372	-0.0637317	0.24194	0.779992	0.563864	0.49504	1	-0.103092	0.323173	0.296243	0.691054	0.584817	0.298302	0.642499	0.192836	0.518511	0.637448	0.447672	0.00453534	0.203434	0.344106	0.468963	0.567919	0.730643	0.374242	0.218497	0.670038	-0.0510029	0.214354	-0.089609	0.511997	0.244239	0.435655	-0.167208	0.507631	0.234048	0.596672	0.170418	0.547915	0.21126	0.383948	0.3015	0.442595	0.0464121	0.298463	0.343269	0.390985	0.582066	0.771615	0.240831	0.505966	-0.139244	0.198512	0.581669	0.612208	0.680518	0.721606	0.573574	0.516575	0.452403	-0.0587493	-0.0496947	0.441506	0.751634	0.458385	0.224957	0.559675	0.781248	0.25445	0.686472	0.385567	0.260319	0.467075	0.383402	0.557614	0.357034	0.44765	-0.246077	0.128231	0.763937	0.169174	0.685088	0.360114	0.148782	0.494752	0.358869	0.874175	0.711092	0.109732	0.476176	0.825652	0.485123	0.357016	0.197125	0.221066	0.570365	0.622044	-0.124096	-0.0883074	-0.221585	0.774827	0.639916	0.467354	0.144057	0.0179949	0.506947	0.498174	0.47986	-0.0121644	0.295915	0.588744	0.27802	0.0943005	0.463895	0.583094	0.093333	-0.0264253	-0.030807	0.198652	
-0.104752	-0.428767	-0.303334	-0.0189384	-0.216633	-0.15178	-0.103092	1	0.340816	0.00419408	0.00358589	0.18526	0.540371	-0.125705	0.010204	-0.0802141	0.297314	0.149984	-0.00437134	0.311838	-0.05727	-0.393883	-0.0529724	0.0640506	0.27212	-0.131832	-0.0470503	-0.248096	0.154304	-0.0841818	-0.204439	-0.237199	-0.178056	-0.0929741	-0.157665	-0.1715	-0.138873	-0.0807415	0.0353857	-0.167401	-0.120612	-0.0643053	-0.233932	-0.0769288	-0.0287593	-0.132205	-0.136366	-0.22167	-0.269166	0.018458	-0.171372	-0.169051	0.197869	-0.11008	-0.0649954	0.0469942	-0.0579995	0.129977	0.0467208	0.178827	0.147225	-0.0916136	-0.141473	0.0137467	-0.16355	0.370571	-0.0285203	-0.149256	-0.0768442	0.0840392	0.0329848	-0.0663833	0.119364	0.304954	0.0381483	-0.162049	-0.0661322	-0.005301	0.204477	-0.0668419	-0.135082	-0.0521623	-0.147682	0.0130795	0.0513716	-0.198917	-0.0410753	0.0710458	0.0398397	-0.11069	0.00654912	-0.23333	-0.273438	0.0718485	0.2306	-0.0379149	-0.0145491	0.149719	0.0278596	0.104143	-0.166438	-0.328302	-0.424546	-0.27254	-0.253175	-0.291815	-0.111106	0.126783	0.285045	-0.48457	-0.187872	0.0624072	0.500188	-0.159223	-0.0441178	0.208122	-0.0266684	0.229185	-0.0590396	
-0.0833279	-0.733561	-0.660162	0.241302	-0.0330859	-0.41389	0.323173	0.340816	1	-0.212212	0.177524	0.352325	0.410589	0.0128592	-0.212288	-0.000601091	0.411875	0.0617296	0.371803	0.0916337	-0.00120649	-0.122105	-0.0290566	0.254401	0.187304	-0.159605	0.173988	-0.578946	0.158102	-0.394449	-0.211064	-0.478991	-0.247499	-0.536143	-0.290328	0.103408	-0.0717478	-0.110671	-0.0694757	-0.251647	-0.32803	-0.140145	-0.182849	-0.341042	-0.264226	-0.414202	-0.298718	-0.266495	-0.0326701	0.147484	0.124813	-0.451448	0.294144	-0.287223	-0.154773	0.447342	0.393093	0.454728	0.45139	0.75452	-0.140439	-0.0992881	0.0618278	0.473165	0.0176376	0.634001	0.30543	0.412913	0.266832	0.46117	0.140458	-0.0453154	0.573096	0.404042	0.222023	0.156748	0.297342	-0.432168	0.0912804	0.29852	0.0205617	0.226039	-0.0763185	-0.192207	0.0867142	0.354524	0.285507	0.444541	-0.119247	0.16941	0.366312	0.256078	0.262774	0.0879525	0.147395	0.124264	0.301223	-0.211631	-0.335149	-0.325585	0.111573	-0.20037	-0.197274	-0.354638	-0.472453	-0.0495187	-0.233961	0.0863059	-0.200498	-0.410226	-0.289616	0.144393	0.506904	0.0950369	0.367676	0.168772	0.0108528	-0.310413	-0.00205724	
0.311756	0.493146	0.461892	0.386179	0.183638	0.55238	0.296243	0.00419408	-0.212212	1	0.660406	0.520592	0.261879	0.370781	0.377527	0.196556	0.31406	0.0204321	-0.0668379	-0.0702068	0.683711	0.371584	0.237171	0.474857	0.0623864	0.399817	0.469584	0.405969	0.208266	0.626765	0.388282	0.507172	0.531967	0.380234	0.488179	0.251113	0.584832	0.427232	0.657836	0.37594	0.3819	0.619869	0.594323	0.459922	0.431908	0.211497	0.40406	0.637846	0.235948	0.63466	-0.0854899	0.228254	0.0653506	0.635652	0.429346	0.458472	0.524289	0.168267	0.450533	0.144818	0.283855	0.608526	0.729233	0.141176	0.406994	-0.406112	0.595746	0.410014	0.57212	0.473465	0.695495	0.667285	0.293203	0.386847	0.538753	0.467347	0.402106	0.152144	0.0179442	0.566256	0.318219	0.505391	0.300934	0.457746	0.731128	0.117873	0.325098	0.346781	0.473274	0.0864638	0.307979	0.242241	0.101291	0.214517	0.358968	0.422254	0.179403	0.0889252	0.352206	-0.283486	0.365312	0.681445	0.31047	0.111719	0.257519	0.35897	0.424565	0.00799769	0.346595	0.431639	0.507731	0.663159	-0.383148	-0.085177	0.370516	-0.267931	-0.0556616	0.24856	0.0144326	
0.571096	0.191407	0.394759	0.779748	0.576956	0.5508	0.691054	0.00358589	0.177524	0.660406	1	0.743249	0.42423	0.544657	0.398372	0.364905	0.451046	0.22388	0.0112198	0.0176767	0.600359	0.387996	0.599816	0.603625	0.188633	0.29169	0.68071	0.228554	0.281541	0.232873	0.398077	0.407507	0.537583	0.0367432	0.421232	0.22878	0.532093	0.18999	0.532429	0.491172	0.297012	0.621279	0.458633	0.290234	0.317165	0.231798	0.302346	0.713001	0.533111	0.662438	0.416289	0.0393645	0.175398	0.682357	0.627014	0.557814	0.710892	0.347352	0.435421	0.367722	0.0165095	0.228395	0.661225	0.588527	0.445112	-0.0505716	0.615678	0.738836	0.391841	0.621398	0.60872	0.480946	0.521103	0.314173	0.643334	0.548501	0.586958	-0.0703626	0.0670421	0.742785	0.251629	0.725322	0.246413	0.160309	0.655372	0.404697	0.568578	0.508804	0.107562	0.374591	0.643723	0.599858	0.376871	0.0809969	0.302533	0.628157	0.526722	-0.0802001	0.0100101	-0.303219	0.598164	0.700499	0.303869	0.0637314	0.233753	0.577166	0.454255	0.414863	0.279424	0.219157	0.626615	0.564989	-0.144012	0.447977	0.558862	-0.0644902	-0.10617	0.22554	-0.0182427	
0.502254	-0.0144982	0.0691497	0.660774	0.502544	0.372137	0.584817	0.18526	0.352325	0.520592	0.743249	1	0.369572	0.34581	0.314254	0.572191	0.666198	0.330751	0.231002	0.363179	0.633967	0.314026	0.494202	0.784671	0.563055	0.362779	0.472358	-0.20534	0.226741	0.0254946	0.428421	0.320638	0.511636	0.132016	0.305236	0.562041	0.397784	0.493493	0.521516	0.38444	0.0715359	0.554101	0.363946	0.31357	0.45511	0.244333	0.217482	0.492526	0.411589	0.672767	0.0769732	0.165481	-0.000341122	0.304814	0.314981	0.4158	0.690753	0.338342	0.45339	0.399754	-0.0779368	0.0739824	0.397287	0.32841	0.292985	0.0903996	0.583439	0.549396	0.467338	0.565262	0.462325	0.336514	0.637212	0.429402	0.475963	0.0948738	0.3228	-0.29515	0.194696	0.55156	0.235565	0.44427	0.279761	0.282887	0.362712	0.160714	0.565043	0.499252	0.321247	0.00900182	0.514263	0.404411	-0.042322	0.152429	0.380906	0.534724	0.233025	-0.141767	-0.0614488	-0.457133	0.196069	0.395977	0.380654	0.21484	-0.102038	0.631544	0.279045	0.38426	0.175182	0.104755	0.385881	0.334638	0.0456661	0.314637	0.533145	0.115091	-0.00723683	-0.058595	0.0764415	
-0.240532	-0.357139	-0.190301	0.235613	-0.130166	0.00599798	0.298302	0.540371	0.410589	0.261879	0.42423	0.369572	1	0.0643635	-0.198039	0.14499	0.624737	0.130663	0.109356	0.243097	0.45063	-0.162639	0.182293	0.42321	0.363493	0.197395	0.408677	-0.0749209	0.536418	0.0241071	0.175981	0.116488	0.197498	-0.0126599	0.276542	0.160341	0.378855	0.186273	0.323106	0.0280005	0.146243	0.399047	0.284996	0.295236	0.265086	0.132124	-0.0365358	0.0686666	0.0315742	0.357939	-0.05053	-0.425338	-0.0251327	0.0947232	0.265623	0.261544	0.451368	0.516341	0.453007	0.516336	0.497646	0.374199	0.403917	0.530868	0.00298293	0.248712	0.415851	0.406151	0.453387	0.514678	0.646453	0.337829	0.364612	0.256031	0.583835	0.210584	0.11367	-0.208465	0.501057	0.446186	0.239769	0.465846	0.229201	0.199526	0.448962	0.0138796	0.218409	0.503219	0.13248	0.1671	0.271092	0.000103301	0.094801	0.130427	0.395947	0.0961969	0.264408	0.405696	0.403054	0.156289	0.328735	0.0434414	0.0662295	0.0387545	-0.0851406	-0.144964	0.35827	0.163502	0.218005	0.00608824	0.131386	0.289304	0.36654	0.197337	0.378532	0.299239	0.0166361	0.0776133	-0.0361923	
0.712743	0.0725912	0.288915	0.701772	0.545838	0.44598	0.642499	-0.125705	0.0128592	0.370781	0.544657	0.34581	0.0643635	1	0.502021	0.295735	0.324328	0.454437	-0.081289	0.175814	0.198721	0.54859	0.343491	0.290592	0.164649	0.0995294	0.523081	0.278947	-0.212043	0.0102268	0.314194	0.188178	0.286763	-0.188111	0.305458	-0.0630961	0.53444	0.116632	0.575373	0.191733	0.566386	0.0764322	0.342291	0.0471733	0.0658225	0.0933579	0.0691936	0.617606	0.772631	0.420405	0.40996	-0.21342	0.485673	0.714652	0.470564	0.72782	0.594518	0.587202	0.50862	0.44991	0.0583878	0.154253	0.463878	0.574344	0.528719	0.194195	0.612922	0.634227	0.26679	0.554605	0.288762	0.255107	0.420883	0.492277	0.458376	0.54894	0.356722	-0.442647	0.010278	0.680531	0.208198	0.529358	0.269025	0.106523	0.509095	0.201219	0.664652	0.345839	-0.113035	0.453149	0.720065	0.274274	0.254028	-0.0871792	-0.10456	0.507245	0.652745	-0.147361	-0.111978	-0.306529	0.785717	0.601046	0.214485	0.127843	0.46484	0.448438	0.432817	0.355862	0.129492	0.418024	0.610071	0.212461	0.0971868	0.543039	0.546952	-0.286071	-0.34384	0.171651	-0.0135647	
0.621564	0.408843	0.548605	0.456448	0.303917	0.431596	0.192836	0.010204	-0.212288	0.377527	0.398372	0.314254	-0.198039	0.502021	1	0.458319	0.0629357	0.291288	0.154442	0.308283	0.0599954	0.0388029	0.156591	0.128068	0.122867	0.331574	0.100344	0.169058	-0.246799	0.108286	0.275086	0.269344	0.387605	0.171082	0.170044	0.162311	0.240062	0.336597	0.396832	0.150477	0.129005	0.0770827	0.0367346	0.224582	0.118821	0.0468271	0.128154	0.488743	0.399787	0.389743	-0.0831523	0.336358	0.216806	0.585374	0.21777	0.276925	0.125584	-0.111196	0.0360587	-0.147315	-0.00859164	0.00526941	0.0373075	-0.0611257	0.418729	-0.0404197	0.191897	0.0440553	0.0129479	0.00284964	-0.00612391	-0.0407479	0.123961	0.148826	-0.112918	0.0549267	0.105484	-0.00837883	-0.342808	0.11072	-0.0938049	0.0021334	0.0216302	0.0309915	0.103168	-0.242987	0.187115	-0.243813	-0.110663	-0.154257	0.132701	-0.0748876	-0.267012	0.180138	-0.274697	0.298137	0.248603	-0.0932179	-0.180551	-0.122995	0.147359	0.324486	0.0985502	0.139884	0.325212	0.325326	-0.0747369	0.309977	0.0247073	0.217915	0.335519	0.114678	-0.181212	0.0863926	-0.14999	-0.341839	-0.145084	0.0724659	-0.0202541	
0.426633	0.279585	0.323621	0.437735	0.319281	0.446103	0.518511	-0.0802141	-0.000601091	0.196556	0.364905	0.572191	0.14499	0.295735	0.458319	1	0.566717	0.567947	0.41447	0.668988	0.454961	0.0742275	0.38006	0.709938	0.751587	0.717898	0.363535	-0.0607427	0.394115	0.000420769	0.823712	0.623937	0.753467	0.480929	0.640801	0.69448	0.560592	0.69119	0.622249	0.355046	0.159514	0.370207	0.429619	0.605409	0.70924	0.645677	0.406035	0.460429	0.550205	0.328323	-0.230134	0.390525	-0.319077	0.262478	0.288386	0.0881223	0.436351	0.170019	0.268197	0.02334	0.18951	-0.142288	-0.00248766	0.168169	0.398557	0.0974233	0.345143	0.295233	0.196726	0.199387	0.224136	-0.0312199	0.135563	-0.0793585	0.185147	-0.325819	-0.212962	-0.219304	0.233866	0.303603	0.169055	0.232627	0.569069	0.447309	0.0517886	-0.409711	0.485147	0.218121	0.351149	-0.308886	0.257384	-0.0912314	-0.419539	0.449853	0.182122	0.121991	0.20773	0.21526	0.182531	0.214858	0.129936	0.355908	0.589107	0.585535	0.0534807	0.507792	0.359649	0.514112	-0.123718	0.466203	0.508881	-0.00254001	0.0422516	0.30272	0.0950553	0.110749	0.0577266	-0.345264	0.40725	
0.246464	-0.285307	-0.0453163	0.480182	0.0985243	0.217753	0.637448	0.297314	0.411875	0.31406	0.451046	0.666198	0.624737	0.324328	0.0629357	0.566717	1	0.576001	0.40725	0.595459	0.550904	0.186183	0.366631	0.77139	0.712733	0.325884	0.587051	-0.224775	0.463295	-0.0167241	0.532043	0.330573	0.502414	0.0673761	0.503961	0.495176	0.611878	0.510254	0.646244	0.207417	0.211052	0.406732	0.376542	0.350037	0.508391	0.313131	0.219137	0.401387	0.393187	0.42205	-0.0859533	-0.20758	-0.0409191	0.199703	0.225056	0.401918	0.711958	0.672756	0.662738	0.535765	0.345324	0.175455	0.416308	0.544557	0.23748	0.182195	0.595848	0.53715	0.58668	0.659141	0.584145	0.345908	0.571692	0.570595	0.589262	0.0829071	0.217385	-0.312031	0.394149	0.587444	0.287332	0.520372	0.422195	0.408631	0.481517	0.0115385	0.623113	0.630306	0.345114	0.12133	0.542495	0.131296	-0.0528974	0.422472	0.488479	0.336383	0.278142	0.265482	0.250293	-0.137141	0.352724	0.266989	0.415349	0.189354	-0.194239	0.319446	0.3798	0.397787	0.0517444	0.150277	0.400241	0.256411	0.365673	0.162322	0.543729	0.0842	-0.0238434	-0.0336872	0.107385	
0.504779	-0.150721	0.203718	0.312868	0.276983	0.370985	0.447672	0.149984	0.0617296	0.0204321	0.22388	0.330751	0.130663	0.454437	0.291288	0.567947	0.576001	1	0.473841	0.80112	0.153612	-0.0080019	0.391443	0.424986	0.706359	0.229218	0.394024	-0.119479	0.219383	-0.0955662	0.596638	0.409033	0.489376	0.078347	0.447542	0.103828	0.460838	0.139183	0.379974	0.129933	0.370263	0.0699903	0.0282435	0.175177	0.429061	0.31123	0.150094	0.44495	0.567205	0.0526948	0.0561143	0.0335673	0.245884	0.252046	0.381184	0.138024	0.372613	0.582802	0.390471	0.276203	0.177999	-0.309853	0.0345997	0.465237	0.323551	0.198911	0.177732	0.254578	0.0349283	0.382985	0.0296784	-0.195225	0.0842653	0.27134	0.254591	-0.000782199	-0.0966231	-0.302437	0.139581	0.31623	0.294833	0.262624	0.293888	0.23044	0.173588	-0.250909	0.454741	0.110637	-0.0481903	0.186754	0.320354	-0.145907	-0.187782	0.0730953	-0.0447504	0.218624	0.185342	0.0762661	-0.017354	0.126524	0.279245	0.190121	0.17369	0.0289022	0.295193	0.260429	0.344648	0.387949	-0.135281	0.0239596	0.443628	0.0332783	0.385422	0.325865	0.0698932	-0.3896	-0.326239	0.050829	0.0374485	
-0.125289	-0.203514	-0.264916	-0.063008	-0.316556	-0.292215	0.00453534	-0.00437134	0.371803	-0.0668379	0.0112198	0.231002	0.109356	-0.081289	0.154442	0.41447	0.40725	0.473841	1	0.560981	0.151053	-0.36706	-0.221686	0.212443	0.41382	0.208613	0.0343672	-0.405828	0.323164	-0.0475059	0.231293	0.136032	0.222203	0.0438049	0.0997286	0.479768	0.123425	0.293731	0.0635148	-0.116728	-0.202499	-0.062377	-0.141431	0.183775	0.171209	-0.0945984	-0.253612	-0.0994636	-0.0667458	0.209372	-0.434762	0.115713	0.0120448	-0.350203	-0.288189	-0.0806281	0.192997	0.211174	0.339252	0.302361	0.159886	-0.135012	-0.105733	0.100854	0.199786	0.175531	0.0557406	-0.00132247	0.276337	0.0484878	0.0513247	-0.289429	0.0398519	0.0808849	-0.045526	-0.15723	-0.216097	-0.395842	-0.0891641	-0.0309005	0.142693	-0.0379585	-0.00734186	0.0730745	-0.0143736	-0.261994	0.0311799	-0.124619	-0.0597879	-0.205334	-0.0901855	-0.293169	-0.260295	0.169173	-0.104441	-0.188891	-0.117796	0.0323083	-0.0479064	0.0156456	-0.209713	-0.194748	-0.0872829	-0.202751	-0.146346	-0.0492118	-0.157391	-0.120886	-0.389456	-0.0828261	-0.111377	0.13058	0.294921	-0.190355	-0.121526	-0.420771	-0.166991	-0.360925	-0.188905	
0.242719	-0.191551	0.0569366	0.137041	0.0544906	0.21168	0.203434	0.311838	0.0916337	-0.0702068	0.0176767	0.363179	0.243097	0.175814	0.308283	0.668988	0.595459	0.80112	0.560981	1	0.160102	-0.237701	0.235559	0.369833	0.868955	0.385352	0.126567	-0.341482	0.206559	-0.318672	0.53698	0.344182	0.496873	0.22605	0.33427	0.318103	0.330635	0.456485	0.288411	-0.03933	0.128706	0.0570467	-0.0459994	0.325194	0.499783	0.331131	0.030868	0.193009	0.335082	0.0829828	-0.344301	0.0810804	-0.0964873	0.021012	0.118115	-0.103282	0.204388	0.360114	0.209572	0.135579	0.341255	-0.197855	-0.203607	0.161531	0.0778564	0.22447	0.0378371	-0.0418461	0.0510241	0.114281	-0.00841268	-0.331687	0.0262518	0.127456	-0.0177439	-0.422526	-0.440466	-0.411007	0.239042	0.0104994	0.181776	-0.0799667	0.262039	0.172776	-0.102332	-0.651874	0.248041	-0.0863389	0.0660568	-0.274866	-0.0132061	-0.499965	-0.643958	0.169091	-0.0653165	0.000356321	0.0519405	0.22598	0.126221	0.247616	-0.0906154	-0.0987655	0.141328	0.212499	0.0744174	0.128779	0.125432	0.299405	-0.243839	0.00267054	0.141975	-0.139148	0.364197	0.123858	-0.142761	-0.114563	-0.0414204	-0.221703	0.0896762	
0.123874	0.382507	0.221745	0.317045	0.260663	0.379289	0.344106	-0.05727	-0.00120649	0.683711	0.600359	0.633967	0.45063	0.198721	0.0599954	0.454961	0.550904	0.153612	0.151053	0.160102	1	0.416306	0.492342	0.700349	0.415227	0.682407	0.630811	0.276922	0.493562	0.43862	0.636381	0.695385	0.7133	0.609985	0.645625	0.555677	0.666822	0.623934	0.722416	0.626993	0.23886	0.898374	0.772558	0.763381	0.739184	0.535063	0.450726	0.599936	0.199167	0.739405	-0.098686	0.263835	-0.29535	0.313534	0.320886	0.212298	0.744801	0.308752	0.576485	0.276136	0.479597	0.532816	0.67931	0.198478	0.466216	-0.228321	0.668239	0.561392	0.625956	0.534271	0.835669	0.692318	0.42522	0.164584	0.676551	0.180712	0.146029	-0.0491324	0.4172	0.628323	0.619233	0.660097	0.635552	0.705409	0.632348	0.0601419	0.300558	0.480249	0.6964	-0.130141	0.287645	0.273953	-0.00363491	0.340838	0.687466	0.191902	0.251764	0.361418	0.619051	-0.0369171	0.194344	0.5995	0.555317	0.397793	0.209781	0.572426	0.515604	0.203734	0.140343	0.550149	0.629786	0.475563	-0.128399	0.192892	0.526361	0.0377339	0.121379	-0.0333059	0.21834	
0.493464	0.271217	0.263097	0.462893	0.617701	0.413675	0.468963	-0.393883	-0.122105	0.371584	0.387996	0.314026	-0.162639	0.54859	0.0388029	0.0742275	0.186183	-0.0080019	-0.36706	-0.237701	0.416306	1	0.51425	0.32694	-0.0481582	0.0637149	0.366484	0.34331	-0.0779322	0.0695035	0.252469	0.20485	0.250389	0.101301	0.220568	0.128651	0.304247	0.17892	0.441408	0.559856	0.325925	0.389493	0.490305	0.0959148	0.167109	0.274559	0.327665	0.574636	0.5189	0.330749	0.440917	0.0086744	0.0835609	0.494227	0.333723	0.41443	0.507304	0.234631	0.222567	0.136673	-0.0670618	0.220767	0.491299	0.244745	0.291943	-0.186086	0.526332	0.510678	0.281007	0.393472	0.328589	0.534255	0.4688	0.28624	0.405421	0.353207	0.484483	-0.0753421	0.174888	0.525969	0.155728	0.443495	0.349941	0.249094	0.388656	0.464677	0.380183	0.452459	0.296021	0.318287	0.492795	0.648578	0.346271	-0.0226843	0.386523	0.523896	0.462511	-0.106049	0.0374033	-0.469974	0.424321	0.575731	0.449993	0.24222	0.226533	0.689191	0.47448	0.329232	0.261261	0.423242	0.589888	0.109489	-0.159982	0.375082	0.718798	-0.00658106	0.0228574	0.275807	0.263603	
0.615734	0.167982	0.511788	0.524023	0.768676	0.692293	0.567919	-0.0529724	-0.0290566	0.237171	0.599816	0.494202	0.182293	0.343491	0.156591	0.38006	0.366631	0.391443	-0.221686	0.235559	0.492342	0.51425	1	0.470312	0.450903	0.314578	0.58919	0.177674	0.224836	-0.149659	0.55416	0.479627	0.638871	0.28033	0.396467	0.0273665	0.417668	0.194626	0.369592	0.662222	0.265096	0.625976	0.332777	0.293423	0.526727	0.554663	0.594067	0.742981	0.642778	0.226601	0.474902	0.124096	-0.0906643	0.575501	0.675599	0.163016	0.522956	0.279319	0.130305	0.0837901	0.109715	-0.000524116	0.369377	0.435195	0.254746	-0.120889	0.311007	0.524104	0.016445	0.461727	0.34013	0.272344	0.362027	0.0408123	0.447949	0.117361	0.302435	0.0713197	0.292104	0.500349	0.281266	0.483436	0.493974	0.178293	0.264107	0.160853	0.357586	0.329031	0.220539	0.208437	0.358528	0.48923	0.109113	0.165039	0.40222	0.522101	0.519273	0.111045	0.149965	-0.0151008	0.337929	0.519621	0.467752	0.334538	0.308351	0.727582	0.482304	0.638989	0.178446	0.149353	0.687097	0.080457	-0.145576	0.611391	0.383475	0.14071	0.194239	0.190455	0.343793	
0.363951	0.111381	0.186582	0.530065	0.352579	0.440749	0.730643	0.0640506	0.254401	0.474857	0.603625	0.784671	0.42321	0.290592	0.128068	0.709938	0.77139	0.424986	0.212443	0.369833	0.700349	0.32694	0.470312	1	0.600753	0.611122	0.586315	-0.051406	0.52174	0.23333	0.719422	0.508819	0.610741	0.298459	0.699529	0.695873	0.678025	0.50309	0.726594	0.369141	0.30339	0.63452	0.639084	0.475121	0.652096	0.496222	0.450633	0.526867	0.452333	0.494129	0.0242828	0.165199	-0.136809	0.339445	0.448359	0.405945	0.717522	0.438736	0.581567	0.315541	0.102375	0.0557992	0.415424	0.410345	0.378597	0.0354682	0.607858	0.598103	0.463128	0.630689	0.53515	0.421049	0.490207	0.329325	0.588799	0.0699499	0.233813	-0.0989508	0.412545	0.664368	0.34713	0.621188	0.511701	0.595178	0.488867	0.103782	0.668924	0.724614	0.511824	0.0758403	0.554076	0.297327	0.0375608	0.340986	0.543531	0.336454	0.206122	0.0846264	0.192381	-0.118366	0.352938	0.530955	0.658355	0.312299	-0.0788563	0.494822	0.529283	0.434279	0.0494659	0.341846	0.547972	0.384237	0.129565	0.223361	0.483425	0.129987	-0.0670956	-0.0612723	0.318292	
0.295516	-0.114964	0.0713894	0.234151	0.170174	0.292443	0.374242	0.27212	0.187304	0.0623864	0.188633	0.563055	0.363493	0.164649	0.122867	0.751587	0.712733	0.706359	0.41382	0.868955	0.415227	-0.0481582	0.450903	0.600753	1	0.482114	0.414796	-0.255141	0.409263	-0.226514	0.666582	0.456854	0.625828	0.341046	0.464669	0.420411	0.495589	0.586291	0.449286	0.241743	0.211691	0.295145	0.254376	0.474299	0.717458	0.523512	0.328658	0.314002	0.408705	0.218856	-0.290444	0.136386	-0.295863	0.0657016	0.184144	0.0147072	0.445433	0.427129	0.352275	0.247698	0.314872	-0.101209	0.0274863	0.244256	0.140012	0.123534	0.250369	0.252304	0.194221	0.328862	0.246416	-0.0785275	0.203196	0.151612	0.283356	-0.363804	-0.272864	-0.361685	0.475835	0.268852	0.259433	0.171495	0.540211	0.357291	0.0530752	-0.469418	0.417165	0.252423	0.336868	-0.231165	0.180238	-0.217426	-0.498473	0.357599	0.277147	0.0436257	0.107287	0.238859	0.248966	0.194747	0.00943842	0.103259	0.377366	0.408379	-0.0688803	0.352665	0.353524	0.398923	-0.0281967	0.12641	0.335542	0.00445384	0.209633	0.239547	0.120499	0.125965	0.0511369	-0.263236	0.288297	
0.121088	0.519266	0.407287	0.179646	0.180416	0.473063	0.218497	-0.131832	-0.159605	0.399817	0.29169	0.362779	0.197395	0.0995294	0.331574	0.717898	0.325884	0.229218	0.208613	0.385352	0.682407	0.0637149	0.314578	0.611122	0.482114	1	0.372227	0.287259	0.435178	0.346785	0.801393	0.75663	0.774641	0.715133	0.755535	0.618933	0.681424	0.647739	0.67579	0.36037	0.205485	0.665593	0.636553	0.835757	0.738	0.579645	0.434583	0.495035	0.223013	0.488791	-0.345238	0.374122	-0.464856	0.309625	0.320277	0.000471599	0.415508	0.0843726	0.349377	-0.0543628	0.493995	0.308065	0.227576	-0.0133568	0.335559	-0.147493	0.406531	0.236605	0.328202	0.202994	0.455935	0.313314	0.116176	-0.14827	0.268984	-0.162508	-0.236539	0.0804906	0.363126	0.327537	0.523968	0.338427	0.644956	0.678767	0.267852	-0.425846	0.233054	0.188166	0.603791	-0.45975	0.025766	-0.174088	-0.359624	0.445265	0.356381	-0.0689165	0.140498	0.440292	0.563408	0.384125	0.0171911	0.483127	0.637147	0.584576	0.305812	0.381048	0.303134	0.339111	-0.228058	0.583004	0.453908	0.265165	-0.132611	0.107573	0.00642036	0.0384591	0.095789	-0.291782	0.471419	
0.461404	0.146603	0.330795	0.570571	0.316549	0.424287	0.670038	-0.0470503	0.173988	0.469584	0.68071	0.472358	0.408677	0.523081	0.100344	0.363535	0.587051	0.394024	0.0343672	0.126567	0.630811	0.366484	0.58919	0.586315	0.414796	0.372227	1	0.394112	0.420814	0.318988	0.566935	0.548674	0.594976	0.125696	0.645824	0.106529	0.820178	0.234921	0.69988	0.533991	0.541693	0.579616	0.68359	0.45841	0.534332	0.40544	0.563105	0.727267	0.471872	0.53052	0.246576	-0.0801862	-0.0466322	0.558836	0.454547	0.544142	0.840309	0.621229	0.721286	0.498657	0.315365	0.353788	0.791702	0.619517	0.505213	-0.110274	0.692692	0.86936	0.472307	0.743009	0.75068	0.615088	0.46907	0.407354	0.868602	0.53068	0.463434	-0.0334669	0.378119	0.880731	0.524142	0.904911	0.629192	0.470738	0.794697	0.318567	0.700787	0.697605	0.368012	0.36044	0.743588	0.464904	0.383919	0.437157	0.536491	0.311216	0.472493	0.212832	0.364699	-0.00366704	0.659985	0.774788	0.489217	0.230272	0.200091	0.517981	0.574819	0.413881	0.187528	0.392683	0.763805	0.600044	-0.084387	0.35183	0.582902	-0.0401233	-0.118033	0.101432	0.170851	
0.144927	0.655134	0.60609	0.136439	0.107013	0.397299	-0.0510029	-0.248096	-0.578946	0.405969	0.228554	-0.20534	-0.0749209	0.278947	0.169058	-0.0607427	-0.224775	-0.119479	-0.405828	-0.341482	0.276922	0.34331	0.177674	-0.051406	-0.255141	0.287259	0.394112	1	0.212865	0.650021	0.290477	0.546737	0.304475	0.388971	0.45194	-0.139615	0.44197	-0.0594693	0.41649	0.543883	0.565432	0.418931	0.562286	0.502887	0.260563	0.332565	0.38226	0.539212	0.0680638	0.298066	0.0382899	0.125199	-0.152678	0.551099	0.326249	0.0479812	0.134945	-0.0287264	0.0587449	-0.234263	0.326235	0.423548	0.476078	-0.00326427	0.165542	-0.492495	0.281277	0.20872	0.13499	0.0300196	0.368904	0.54966	-0.0929429	-0.10463	0.388989	0.432915	0.221068	0.475991	0.294432	0.312127	0.285608	0.421636	0.39036	0.440193	0.482323	0.0814688	0.0325339	0.1277	0.250809	0.152751	0.172357	0.206651	0.270362	0.116128	0.289531	0.044848	0.10665	0.373546	0.459575	0.295073	0.297464	0.594441	0.309164	0.255703	0.601828	0.179822	0.486955	0.266388	0.345663	0.472053	0.576239	0.373883	-0.315987	0.103409	0.118755	-0.175722	-0.227508	0.501639	0.237035	
-0.205856	0.0900453	0.107947	0.0703379	-0.167477	0.138669	0.214354	0.154304	0.158102	0.208266	0.281541	0.226741	0.536418	-0.212043	-0.246799	0.394115	0.463295	0.219383	0.323164	0.206559	0.493562	-0.0779322	0.224836	0.52174	0.409263	0.435178	0.420814	0.212865	1	0.309869	0.554376	0.510037	0.475472	0.419333	0.55562	0.421307	0.4493	0.192042	0.353296	0.415319	0.18739	0.514637	0.447425	0.556658	0.599208	0.489544	0.381416	0.211191	-0.0213023	0.174951	-0.276905	0.106263	-0.36442	0.0184517	0.264811	-0.0838463	0.339402	0.215726	0.25943	0.123022	0.420745	0.0863157	0.244275	0.308232	0.0351017	-0.114741	0.2597	0.277266	0.307676	0.239696	0.494396	0.235617	0.0154806	-0.151722	0.475068	-0.00484738	0.0371993	0.223019	0.599253	0.31252	0.226227	0.421618	0.493422	0.487772	0.330039	-0.0901951	0.138312	0.457431	0.420209	0.00911023	0.111999	0.0799988	0.0471511	0.402943	0.620242	-0.0538506	0.01886	0.500113	0.472601	0.44224	0.0575312	0.206947	0.317897	0.0972969	-0.0570998	0.0317658	0.550155	0.325733	0.139043	0.105474	0.324203	0.375015	0.158562	-0.0273631	0.144847	0.09798	0.00496247	0.0949133	0.414901	
-0.0502969	0.594901	0.348778	-0.0451558	-0.19225	0.195082	-0.089609	-0.0841818	-0.394449	0.626765	0.232873	0.0254946	0.0241071	0.0102268	0.108286	0.000420769	-0.0167241	-0.0955662	-0.0475059	-0.318672	0.43862	0.0695035	-0.149659	0.23333	-0.226514	0.346785	0.318988	0.650021	0.309869	1	0.251302	0.511211	0.237836	0.431022	0.508541	0.19645	0.421744	0.085501	0.489045	0.351712	0.333623	0.444779	0.545225	0.492868	0.294516	0.159393	0.312368	0.333079	-0.217054	0.402262	-0.198236	0.317278	-0.09135	0.245528	0.091888	0.0769859	0.156258	-0.0659257	0.303372	-0.141868	0.181604	0.380009	0.487448	-0.163236	0.29544	-0.489368	0.306418	0.138485	0.342672	0.13796	0.440175	0.611316	-0.0511211	0.108921	0.405362	0.375448	0.224328	0.512809	0.0597696	0.29521	0.32651	0.434345	0.207656	0.645222	0.592452	0.152155	0.0492538	0.215152	0.439023	0.0250717	0.126909	0.133383	0.224398	0.233359	0.384855	-0.0829808	-0.28737	0.217872	0.410074	0.084459	0.115826	0.4912	0.25562	0.0512644	0.234574	0.0359657	0.284897	-0.0983734	0.293702	0.373468	0.390363	0.594638	-0.262727	-0.283594	0.0757772	-0.303246	-0.336513	0.342321	-0.023033	
0.377549	0.427695	0.540068	0.401784	0.34917	0.659622	0.511997	-0.204439	-0.211064	0.388282	0.398077	0.428421	0.175981	0.314194	0.275086	0.823712	0.532043	0.596638	0.231293	0.53698	0.636381	0.252469	0.55416	0.719422	0.666582	0.801393	0.566935	0.290477	0.554376	0.251302	1	0.870779	0.897727	0.649126	0.859308	0.518447	0.785255	0.550336	0.720209	0.502627	0.453535	0.637654	0.655179	0.738917	0.884356	0.792982	0.635788	0.715534	0.553435	0.29963	-0.156741	0.349895	-0.299574	0.464491	0.581799	0.105061	0.562604	0.344789	0.396376	0.0371039	0.460396	0.125022	0.317539	0.300466	0.43046	-0.140241	0.4528	0.414158	0.316481	0.383612	0.454033	0.261526	0.0823377	-0.0670015	0.457728	-0.0528358	-0.0967704	0.047751	0.427723	0.497452	0.513912	0.475077	0.792264	0.684262	0.329225	-0.305577	0.462596	0.348811	0.52577	-0.107136	0.2804	-0.0055192	-0.202226	0.439942	0.361875	0.221519	0.228084	0.446676	0.491814	0.346639	0.284125	0.599862	0.753786	0.56916	0.391846	0.501735	0.638639	0.519774	-0.120189	0.598373	0.711219	0.181294	-0.0330893	0.299424	0.157114	-0.0511934	0.04764	-0.11403	0.547508	
0.286315	0.637659	0.638193	0.27306	0.26363	0.651644	0.244239	-0.237199	-0.478991	0.507172	0.407507	0.320638	0.116488	0.188178	0.269344	0.623937	0.330573	0.409033	0.136032	0.344182	0.695385	0.20485	0.479627	0.508819	0.456854	0.75663	0.548674	0.546737	0.510037	0.511211	0.870779	1	0.901292	0.763595	0.85112	0.402713	0.719516	0.488347	0.658721	0.62879	0.41605	0.744079	0.665251	0.864013	0.864614	0.784097	0.611463	0.742738	0.312409	0.398947	-0.180374	0.454653	-0.438704	0.448286	0.47484	-0.117335	0.425414	0.127068	0.259041	-0.163228	0.511019	0.285194	0.4039	0.0856269	0.3567	-0.406782	0.348898	0.275894	0.296617	0.186531	0.509894	0.402662	-0.0698521	-0.163136	0.434037	0.00763786	-0.115783	0.246294	0.330666	0.370401	0.574648	0.459637	0.686611	0.696165	0.40712	-0.293843	0.281844	0.157753	0.579836	-0.200035	0.145017	0.00682919	-0.203491	0.389238	0.412611	0.130402	0.0691275	0.528227	0.651727	0.400879	0.141641	0.653728	0.638141	0.55531	0.500537	0.504459	0.56241	0.387659	0.00244094	0.605018	0.720277	0.303589	-0.249418	0.180535	0.0843336	-0.111283	0.0433666	0.0387587	0.351196	
0.452008	0.482914	0.616693	0.419421	0.407387	0.749764	0.435655	-0.178056	-0.247499	0.531967	0.537583	0.511636	0.197498	0.286763	0.387605	0.753467	0.502414	0.489376	0.222203	0.496873	0.7133	0.250389	0.638871	0.610741	0.625828	0.774641	0.594976	0.304475	0.475472	0.237836	0.897727	0.901292	1	0.658865	0.787461	0.434389	0.749266	0.636133	0.686855	0.588474	0.296276	0.711421	0.565032	0.769128	0.849974	0.721459	0.624075	0.796992	0.527367	0.430204	-0.127252	0.360683	-0.384774	0.534819	0.536598	0.0418714	0.551325	0.218328	0.32157	-0.00707369	0.485242	0.271283	0.394336	0.238746	0.368256	-0.2863	0.429889	0.386197	0.339337	0.325906	0.535511	0.311698	0.12793	-0.0386702	0.412424	-0.0247664	-0.0292108	0.0687746	0.244924	0.44598	0.479643	0.437397	0.689593	0.524272	0.374963	-0.320252	0.413289	0.202179	0.542515	-0.218013	0.203841	0.0498167	-0.281817	0.480971	0.384796	0.292875	0.308795	0.416003	0.521916	0.246473	0.204048	0.650842	0.619473	0.548963	0.364245	0.644169	0.483074	0.477594	-0.0495118	0.51247	0.690344	0.291555	-0.273119	0.258674	0.177129	-0.0764919	0.178629	-0.113717	0.393376	
-0.0460565	0.718018	0.4498	-0.125512	0.0356641	0.372455	-0.167208	-0.0929741	-0.536143	0.380234	0.0367432	0.132016	-0.0126599	-0.188111	0.171082	0.480929	0.0673761	0.078347	0.0438049	0.22605	0.609985	0.101301	0.28033	0.298459	0.341046	0.715133	0.125696	0.388971	0.419333	0.431022	0.649126	0.763595	0.658865	1	0.53822	0.440284	0.333401	0.60446	0.4524	0.579585	0.105387	0.636286	0.530227	0.825517	0.804878	0.738412	0.595553	0.371611	-0.0308079	0.229782	-0.479758	0.706189	-0.541354	0.12621	0.156166	-0.360833	0.101127	-0.270929	-0.0406072	-0.416126	0.501681	0.238233	0.0920379	-0.398557	0.291225	-0.393639	0.110771	-0.105268	0.118817	-0.129728	0.326309	0.253658	-0.229656	-0.420419	0.0968669	-0.382845	-0.371367	0.344283	0.306896	-0.00704334	0.327108	0.0590571	0.621357	0.705499	0.053165	-0.483717	-0.210236	-0.105579	0.693775	-0.570836	-0.311613	-0.203465	-0.483325	0.434091	0.446198	-0.164857	-0.129267	0.566068	0.690286	0.455409	-0.30038	0.274792	0.477294	0.574789	0.300163	0.320998	0.35349	0.160977	0.0853279	0.554293	0.458442	0.00665594	-0.271068	-0.065926	-0.156804	0.0712912	0.301244	-0.0643614	0.48318	
0.292623	0.497891	0.558391	0.282234	0.178723	0.61162	0.507631	-0.157665	-0.290328	0.488179	0.421232	0.305236	0.276542	0.305458	0.170044	0.640801	0.503961	0.447542	0.0997286	0.33427	0.645625	0.220568	0.396467	0.699529	0.464669	0.755535	0.645824	0.45194	0.55562	0.508541	0.859308	0.85112	0.787461	0.53822	1	0.435685	0.884829	0.439357	0.777671	0.41389	0.580299	0.628282	0.760473	0.734134	0.770721	0.71013	0.585796	0.66272	0.409214	0.346737	-0.0617347	0.236166	-0.353196	0.507064	0.509182	0.121873	0.500763	0.307728	0.448419	-0.021109	0.443554	0.225708	0.435122	0.278418	0.383919	-0.300003	0.409084	0.411148	0.288606	0.349634	0.532258	0.419416	0.0127528	0.0448265	0.517897	0.102286	-0.0370475	0.141814	0.388322	0.536453	0.486671	0.616734	0.613638	0.684405	0.582968	-0.197572	0.54675	0.436312	0.54531	0.00105244	0.353526	-0.0126015	-0.0627145	0.387112	0.43324	0.0410473	0.174545	0.391095	0.584704	0.383991	0.403651	0.720178	0.646552	0.425768	0.306848	0.368035	0.645239	0.339568	-0.0160352	0.609514	0.721479	0.460539	-0.132189	0.109528	0.188993	-0.0874095	-0.120271	0.0416304	0.287545	
-0.0313302	0.243619	0.0216815	0.170867	-0.0106379	0.0350757	0.234048	-0.1715	0.103408	0.251113	0.22878	0.562041	0.160341	-0.0630961	0.162311	0.69448	0.495176	0.103828	0.479768	0.318103	0.555677	0.128651	0.0273665	0.695873	0.420411	0.618933	0.106529	-0.139615	0.421307	0.19645	0.518447	0.402713	0.434389	0.440284	0.435685	1	0.340673	0.702274	0.467529	0.27648	-0.0331407	0.455154	0.464724	0.574838	0.513004	0.355409	0.133397	0.147611	0.0744926	0.504123	-0.426801	0.352442	-0.435702	-0.0907354	-0.0854638	-0.0110392	0.34537	-0.0123398	0.254644	-0.00204093	0.0652181	0.0535801	0.070955	-0.0976917	0.177672	-0.094431	0.345527	0.148941	0.458241	0.106382	0.303417	0.206968	0.286987	-0.000802843	0.144247	-0.292326	-0.0800497	-0.146375	0.295877	0.167716	0.108204	0.133471	0.313913	0.499809	0.0677414	-0.151466	0.192851	0.292564	0.416127	-0.341814	0.0674725	0.0189534	-0.255029	0.306926	0.332874	-0.0284063	-0.170932	0.123039	0.163332	-0.0852579	-0.147894	0.127506	0.585284	0.413662	-0.235511	0.304594	0.206156	0.179361	-0.065139	0.38374	0.198669	0.104596	0.0368575	-0.0403018	0.179388	0.130538	-0.00905785	-0.262068	0.210335	
