1	0.149445	0.556967	0.613278	0.626352	0.480663	0.36918	0.20386	0.341432	0.284289	0.391214	0.288601	0.0240052	0.369422	0.559131	0.483603	0.162263	0.44483	0.18621	0.436761	0.413536	0.300845	0.339717	0.466596	0.445426	0.34408	0.433987	0.132048	0.0829026	0.0708602	0.378382	0.506729	0.423953	0.137639	0.234689	0.157675	0.388252	0.359075	0.115231	-0.00364984	0.141708	0.161999	0.159997	0.258628	0.224809	-0.0986006	0.304699	0.334155	0.434511	0.217329	0.645059	0.353804	0.0740432	0.613925	0.263571	0.179884	0.203524	-0.248869	0.0873116	0.0917987	0.0783068	0.0509767	0.0808063	-0.104041	0.281739	-0.0427315	0.191303	0.0888153	0.0712761	0.111166	0.0539548	0.192626	0.289888	0.32229	-0.0109326	0.230423	0.362902	0.161913	-0.0822519	0.137563	0.152652	0.282822	-0.0472072	-0.0424774	0.0610619	0.162813	0.32487	0.21733	0.104301	0.135259	0.131381	0.08791	0.184541	0.0684769	0.168982	0.171083	0.0149453	-0.0352933	0.146032	0.155355	0.128594	0.459856	0.174412	0.0980265	0.183596	0.193929	0.181395	-0.164029	-0.161759	0.227567	0.181291	0.283059	-0.0249643	-0.131512	-0.00935788	-0.139221	-0.0231283	-0.0968254	0.131465	
0.149445	1	0.385474	0.251468	0.283009	0.270772	0.115893	-0.0237145	0.124945	0.0383022	0.0857529	0.00431307	-0.119394	0.265394	0.397994	0.326018	-0.0040109	0.13618	0.197387	0.0803666	-0.0381841	0.124288	0.0669282	0.170546	0.114397	0.0697258	0.0956157	0.137847	0.183229	-0.0395454	0.292708	0.215876	0.14634	0.220197	0.263486	0.253821	0.191144	0.283865	0.240673	0.230494	0.0662622	0.00622151	0.159199	0.20354	0.0891156	-0.0223642	0.00937528	0.155182	0.254662	-0.0190915	0.228805	0.505525	-0.0890056	0.293714	0.212329	0.0326567	0.135954	0.108443	0.128008	0.203541	0.0177387	0.0695073	0.17322	0.0477404	0.0633429	-0.00416726	0.141668	0.330047	0.20342	0.110248	0.194533	0.160229	0.17777	0.117866	0.161401	0.201512	0.12081	-0.00951957	0.0150659	0.192365	0.146398	0.27611	-0.141986	0.116373	0.287118	0.161174	0.153623	0.207021	0.17712	0.187022	0.200038	0.167573	0.224081	0.127949	0.0419385	0.156757	-0.0129657	0.158869	0.0164918	0.129278	0.243434	0.305142	0.164496	0.0848411	0.109235	0.361265	0.144662	0.0340483	0.11884	0.161381	0.268069	0.0688266	-0.0117294	0.148072	0.0755715	0.00339309	-0.104875	0.0867046	-0.00839637	
0.556967	0.385474	1	0.58091	0.489802	0.683399	0.513701	-0.0133454	0.159304	-0.0607569	0.117404	-0.112869	-0.234323	0.0547004	0.332877	0.564808	-0.031489	0.398956	0.311359	0.373797	0.196037	0.0505106	0.330953	0.319155	0.300106	0.223686	0.296109	-0.0195082	0.139441	-0.0922162	0.568186	0.407247	0.40708	0.411482	0.425584	0.33706	0.432157	0.280116	0.13219	0.300862	-0.0534796	-0.155544	0.169395	0.355858	0.280095	0.167217	0.123615	0.464007	0.209427	-0.112029	0.454028	0.605972	-0.00120601	0.755911	0.13483	0.0985788	-0.0115495	-0.154145	-0.0409166	0.0692459	-0.032145	-0.204543	0.062799	0.00455278	0.0691234	-0.00469585	0.125641	0.0946696	0.0774074	-0.142212	0.178121	0.0443732	0.205849	0.158639	0.30443	0.0959178	0.200428	0.0674747	0.180702	0.212065	-0.0150899	0.0636863	0.145411	0.205022	-0.000989643	0.237702	0.19061	0.155131	0.165575	0.0706958	-0.025045	0.0901048	0.193274	-0.0227833	0.292903	0.0766354	0.101526	0.0925039	-0.119067	-0.0380183	0.154311	0.398081	0.0216294	-0.0585761	0.196952	0.369504	0.199228	-0.0621619	-0.0101973	0.0948947	0.484959	-0.0600249	0.0794076	-0.0762192	-0.024361	-0.0387958	-0.153742	0.137718	-0.0200292	
0.613278	0.251468	0.58091	1	0.601759	0.570374	0.71575	0.267566	0.452446	0.318705	0.487184	0.272467	0.160556	0.207279	0.525049	0.692924	0.210125	0.484954	0.420028	0.55141	0.511963	0.262214	0.279045	0.529553	0.549617	0.256931	0.352885	0.0221436	0.0221268	0.125428	0.512156	0.493183	0.485353	0.369695	0.167038	0.323571	0.31567	0.397201	0.103246	0.110095	0.151928	0.141547	0.25701	0.330833	0.242015	0.197122	0.22571	0.421466	0.308823	0.327551	0.564789	0.528215	0.284151	0.678184	0.29053	0.550491	0.288205	-0.164679	0.222535	0.295849	0.140838	-0.00181392	0.154602	0.0940121	0.142378	0.214892	0.229193	0.0779354	0.276993	0.0935725	0.201865	0.152237	0.405715	0.391201	0.12131	0.253727	0.319348	0.112368	0.101325	0.125399	0.000204713	0.144666	-0.0419864	-0.00118168	-0.0109585	0.352835	0.341103	0.205854	0.0894245	0.228641	0.0164967	0.0661646	0.307454	-0.105276	0.191069	0.199975	-0.0431466	0.191963	0.0902198	0.046247	0.258503	0.285509	0.0950518	-0.1281	0.15829	0.245617	0.1147	-0.104713	-0.169862	0.145494	0.400446	0.143468	0.065828	-0.205287	-0.0516533	-0.231918	-0.221067	0.152636	-0.12983	
0.626352	0.283009	0.489802	0.601759	1	0.66117	0.495544	0.267813	0.433847	0.283377	0.475745	0.368721	0.156112	0.323141	0.475598	0.436523	0.195596	0.451018	0.296396	0.524107	0.416611	0.368748	0.49956	0.464848	0.464994	0.198211	0.277626	-0.0735078	-0.0121568	-0.0472952	0.335882	0.405957	0.505479	0.195887	0.152202	0.159938	0.261111	0.283151	0.0849128	0.18011	0.00285771	0.186893	0.150757	0.231827	0.140105	-0.00244245	0.0923095	0.529191	0.599647	0.369792	0.682821	0.391855	0.0102177	0.592704	0.490181	0.194161	0.226859	-0.166414	0.0183962	0.235934	0.0365907	0.00573144	0.198734	0.0175708	0.11547	-0.00814911	-0.043393	0.0529001	0.0339014	0.120336	0.125405	0.214159	0.36677	0.285937	0.066493	0.150184	0.286164	-0.120633	-0.10567	0.0223955	0.0884572	0.20162	-0.156035	-0.114541	0.0364743	0.144922	0.310406	0.138574	0.0450572	0.12733	0.141023	0.105262	0.131423	-0.136763	0.154759	0.326922	0.062098	0.0636443	0.0202582	0.0569254	0.179136	0.252878	-0.0141205	0.0245422	0.170891	0.39384	0.104323	-0.143883	-0.0942937	0.0418086	0.301158	0.181293	-0.0106869	-0.140861	0.0864481	0.00672794	-0.102618	0.00402257	-0.0806058	
0.480663	0.270772	0.683399	0.570374	0.66117	1	0.642868	0.238395	0.379413	0.122604	0.461954	0.107465	0.0058462	0.0770209	0.364856	0.507197	0.197814	0.490434	0.377732	0.56143	0.436184	0.195457	0.472028	0.463484	0.427691	0.294228	0.373885	-0.0245003	0.111947	-0.0091929	0.513259	0.425232	0.550452	0.272071	0.302476	0.323146	0.377446	0.281	0.13241	0.261307	-0.0082985	0.00128051	0.199799	0.26479	0.198776	0.160523	0.0827528	0.682434	0.419041	0.20253	0.46364	0.436831	-0.119095	0.819351	0.474969	0.164519	0.189124	-0.0360371	0.061937	0.214403	0.129572	0.0559969	0.2446	0.124312	-0.0283974	-0.105965	0.0164882	0.220817	0.0678961	0.0384111	0.346817	0.217571	0.375104	0.287136	0.296186	0.0937155	0.240213	-0.0885626	0.086172	0.23227	-0.067374	0.125155	0.00844842	0.0284597	-0.10755	0.135179	0.286799	0.220568	0.0707004	0.022951	0.110631	0.0850542	0.106215	-0.0744586	0.16851	0.328059	0.0637157	0.0121483	-0.133938	0.0493438	0.154314	0.522452	0.025862	-0.0387002	0.244902	0.362932	0.299812	-0.125618	-0.132061	0.124071	0.368252	0.22624	-0.0280203	-0.113009	-0.0947618	-0.117937	-0.126574	0.0239077	-0.0470173	
0.36918	0.115893	0.513701	0.71575	0.495544	0.642868	1	0.32085	0.397443	0.311069	0.508895	0.263024	0.20894	0.0997689	0.262525	0.557448	0.221517	0.466904	0.385492	0.522327	0.4692	0.23424	0.367142	0.562177	0.496484	0.331667	0.424451	-0.0284485	0.0824117	0.170532	0.576344	0.490664	0.457749	0.24458	0.400102	0.369635	0.498882	0.383558	0.280932	0.176414	0.130071	0.113773	0.384601	0.349329	0.313932	0.245754	0.230542	0.549271	0.288517	0.275385	0.324415	0.252317	0.0381191	0.723941	0.381635	0.625915	0.245567	-0.036283	0.155076	0.171702	0.144014	0.106131	0.249351	0.211193	0.0607153	0.0497352	0.173029	0.267979	0.278167	0.062893	0.245074	0.223123	0.46539	0.396023	0.218202	0.103064	0.388595	0.0536763	0.0182899	0.253691	-0.0866046	0.122178	-0.0671906	0.104751	-0.0929813	0.260246	0.439392	0.379393	0.0737275	0.121666	0.206304	0.134417	0.228878	-0.0775175	0.139526	0.324344	0.0347808	0.0619653	-0.0122671	-0.094755	0.22641	0.342306	0.151379	0.0152065	0.148046	0.253658	0.162204	0.00337616	-0.192548	0.188749	0.284383	0.15513	-0.0585561	-0.211472	-0.0536382	-0.0233847	-0.170481	0.0312591	-0.0796461	
0.20386	-0.0237145	-0.0133454	0.267566	0.267813	0.238395	0.32085	1	0.697153	0.581801	0.687438	0.589654	0.712779	0.40383	0.306175	0.187067	0.730009	0.688599	0.393711	0.653872	0.55555	0.547181	0.289863	0.580849	0.583631	0.258321	0.454145	0.101235	0.277014	0.222016	0.0936832	0.33494	0.394989	0.0528652	-0.0556925	0.0499367	0.0277137	0.478901	0.231819	0.0687966	0.301902	0.522937	0.357098	0.266206	0.13294	0.126619	0.192478	0.293307	0.364058	0.626075	0.173394	0.0420367	-0.0200168	0.192057	0.364512	0.192354	0.293836	0.143764	0.167723	0.367098	-0.135472	0.0783809	0.0332327	0.307554	0.258994	-0.0411491	-0.038032	0.228278	0.15061	0.314844	0.0853272	0.165794	0.501736	0.503177	-0.0194546	0.216345	0.32656	0.150558	0.0326811	0.0352889	0.116038	0.329057	0.0457376	0.0337508	0.222615	0.200835	0.315781	0.397698	0.0964258	0.406641	0.388833	0.230927	0.29064	0.0272367	0.159288	0.388699	0.000358851	-0.000862734	0.332624	0.142756	0.433939	0.214735	0.29197	0.184956	0.369682	0.150183	0.402685	0.20486	-0.0855383	0.32176	0.183411	0.509516	0.0994259	-0.0251471	0.0386667	0.0285925	0.126751	0.0865264	0.0298971	
0.341432	0.124945	0.159304	0.452446	0.433847	0.379413	0.397443	0.697153	1	0.396585	0.627656	0.438549	0.514946	0.314625	0.281994	0.460713	0.552685	0.634593	0.695511	0.754267	0.526991	0.508589	0.383003	0.747089	0.711487	0.394651	0.382696	0.0553939	0.225294	0.287903	0.327533	0.353356	0.438962	0.175386	0.126951	0.397162	0.213077	0.544244	0.219576	0.107139	0.2843	0.314167	0.264245	0.263389	0.12056	0.118719	0.141323	0.333653	0.413826	0.554808	0.294708	0.115211	0.0474307	0.324284	0.28703	0.240426	0.384875	0.15223	0.456656	0.626601	0.000253032	0.0923757	0.0556101	0.336711	0.0922726	0.00703065	0.160357	0.236713	0.43561	0.427723	0.1997	0.0670672	0.613173	0.553545	0.159707	0.277266	0.270476	-0.0553073	-0.0744621	0.145374	0.0814231	0.276798	-0.107434	0.0889474	0.142461	0.0922656	0.256246	0.319245	0.188364	0.295748	0.23331	0.144371	0.161875	-0.00221221	0.0363155	0.324761	-0.092331	-0.0858789	0.138903	0.0531489	0.367074	0.331928	0.226956	0.142183	0.335497	0.385296	0.231541	0.0746825	-0.245333	0.194537	0.239728	0.428464	0.245067	0.0211732	-0.0281335	-0.0665299	0.0573101	-0.124142	-0.0411191	
0.284289	0.0383022	-0.0607569	0.318705	0.283377	0.122604	0.311069	0.581801	0.396585	1	0.704884	0.740678	0.572516	0.533776	0.315964	0.138339	0.592525	0.448143	0.198573	0.442676	0.571504	0.650193	0.125005	0.423268	0.498094	0.336837	0.52715	0.134149	0.151088	0.264349	0.0585368	0.295391	0.43997	-0.0799957	-0.0518257	-0.0431877	0.0675113	0.424298	0.207434	-0.162912	0.513515	0.678033	0.29707	0.302302	0.173471	-0.00318391	0.198204	0.200691	0.408317	0.711961	0.287929	-0.021911	0.184503	0.193373	0.444718	0.340568	0.449402	0.0959543	0.29694	0.325972	0.10296	0.239344	0.130813	0.264724	0.238243	0.0774123	0.139309	0.179868	0.186356	0.480784	0.135989	0.318922	0.441813	0.655996	-0.04426	0.427721	0.519726	0.141826	-0.0497656	0.134279	0.19803	0.417538	-0.105592	0.0657734	0.331611	0.235887	0.397083	0.385355	0.219239	0.571211	0.365663	0.168276	0.437319	0.093859	0.113064	0.393923	0.0432164	0.115521	0.53647	0.329912	0.438294	0.236687	0.32986	0.0962582	0.208469	-0.0510777	0.380326	0.133516	-0.0641713	0.384952	0.105618	0.440317	0.0767379	-0.0774054	0.19492	-0.106529	0.174365	0.160394	0.197656	
0.391214	0.0857529	0.117404	0.487184	0.475745	0.461954	0.508895	0.687438	0.627656	0.704884	1	0.722184	0.554261	0.397716	0.403906	0.328961	0.581326	0.591184	0.412831	0.607544	0.654392	0.635552	0.409378	0.645192	0.546128	0.325359	0.544987	0.0200769	0.0989964	0.211064	0.295029	0.477697	0.544144	0.0518543	0.0749614	0.111916	0.194454	0.433888	0.289843	0.0350905	0.325896	0.503357	0.340915	0.273179	0.129579	0.0645273	0.192445	0.485048	0.454642	0.682249	0.363801	0.112701	-0.0131801	0.425694	0.542851	0.366791	0.370525	0.0232511	0.242318	0.386888	0.119243	0.196855	0.287957	0.314944	0.239559	-0.0600546	0.0575095	0.255793	0.195614	0.345136	0.251485	0.311981	0.5755	0.572983	-0.0550313	0.320201	0.43941	0.0645409	-0.109629	0.123664	0.1661	0.410165	0.00952657	0.0209448	0.161083	0.180965	0.443548	0.428531	0.147741	0.343384	0.388753	0.203987	0.333316	-0.0418939	0.181831	0.468508	0.00775549	0.0477549	0.340281	0.222871	0.356296	0.420153	0.25505	0.140039	0.33896	0.163951	0.354676	0.0260105	-0.114189	0.350897	0.155592	0.555464	0.00875217	-0.156817	0.049973	-0.0561298	0.0318026	0.0828486	0.096836	
0.288601	0.00431307	-0.112869	0.272467	0.368721	0.107465	0.263024	0.589654	0.438549	0.740678	0.722184	1	0.574643	0.473433	0.209869	0.0880317	0.595991	0.437671	0.120044	0.419576	0.538719	0.720476	0.439928	0.428849	0.426123	0.26747	0.43608	0.0346667	-0.0744206	0.178419	-0.0386204	0.438449	0.538348	-0.171354	-0.151927	-0.142291	-0.109028	0.305581	0.0965767	-0.265933	0.284725	0.677015	0.126237	0.128087	0.0199697	-0.0948808	0.259073	0.152758	0.349857	0.644996	0.344085	0.0215813	0.166376	0.165024	0.393027	0.3473	0.298451	0.00879815	0.132778	0.251955	0.123037	0.241475	0.260855	0.100475	0.321132	0.136157	0.0322813	0.123694	0.0432947	0.340121	0.119797	0.296908	0.400163	0.456917	-0.159043	0.219578	0.292007	0.0894171	-0.293041	-0.0410112	0.183672	0.33837	-0.120467	-0.0154631	0.229364	0.0119722	0.245486	0.170727	0.112159	0.37509	0.234425	-0.0497643	0.14524	-0.0607001	0.120152	0.323402	-0.0410347	-0.0520852	0.36994	0.189528	0.235176	0.125921	0.25319	0.157976	0.12987	0.00551858	0.15206	0.130552	-0.0141247	0.411624	-0.0311296	0.319357	-0.0183017	-0.215491	0.119164	-0.120595	0.118578	0.159778	0.168879	
0.0240052	-0.119394	-0.234323	0.160556	0.156112	0.0058462	0.20894	0.712779	0.514946	0.572516	0.554261	0.574643	1	0.519051	0.194907	0.112868	0.675251	0.462944	0.315642	0.458784	0.546979	0.462414	0.161454	0.437979	0.4319	0.244581	0.295367	0.0962486	0.240163	0.229054	-0.0550618	0.207336	0.355856	-0.038574	-0.223061	0.0829626	-0.109534	0.357088	0.0688563	0.0240273	0.367902	0.628665	0.369181	0.156904	0.00234099	0.131173	0.118209	0.187296	0.333487	0.741881	0.0932159	-0.16741	0.170843	-0.011779	0.403683	0.285789	0.349338	0.155561	0.143272	0.37962	-0.125678	0.108768	0.110446	0.473204	0.258241	0.126867	0.00808467	0.0653338	0.161457	0.305182	0.0397601	0.171375	0.472545	0.453802	0.0362898	0.160179	0.409312	0.164777	-0.06049	-0.0299399	0.0727524	0.331701	-0.0422309	-0.0578304	0.150732	0.184178	0.361007	0.40163	0.0982858	0.370061	0.408954	0.310235	0.342113	0.151249	0.248699	0.503499	0.008806	0.1058	0.369121	0.226735	0.423236	-0.0236841	0.125077	0.0408734	0.191802	0.0438296	0.342019	0.238437	-0.0304616	0.213318	0.12098	0.424023	0.0507884	0.104714	0.0361846	0.0990338	0.103197	0.130864	0.07625	
0.369422	0.265394	0.0547004	0.207279	0.323141	0.0770209	0.0997689	0.40383	0.314625	0.533776	0.397716	0.473433	0.519051	1	0.559944	0.273309	0.513885	0.467186	0.214405	0.316001	0.311462	0.52449	0.115127	0.369678	0.333121	0.283489	0.437572	0.454857	0.440105	0.258306	0.13261	0.337443	0.33654	0.14869	0.0138529	0.0839341	0.123137	0.450301	0.206431	0.129508	0.529558	0.538548	0.347902	0.214768	0.183866	-0.00696029	0.383825	0.208158	0.601156	0.502903	0.463305	0.00115911	0.08769	0.246184	0.434546	0.157807	0.319178	0.221726	0.208806	0.327691	-0.0480057	0.19962	0.220044	0.22682	0.520736	0.0455999	0.157804	0.211863	0.167411	0.377801	0.0269028	0.455352	0.400669	0.501491	0.0746517	0.333241	0.450979	0.393237	0.0292317	0.19296	0.303652	0.570912	0.00197052	0.0711899	0.452407	0.301151	0.39786	0.413575	0.262804	0.451452	0.391665	0.421731	0.411731	0.529675	0.34891	0.393213	0.323066	0.28403	0.45847	0.337995	0.634793	0.242243	0.209547	0.195377	0.219589	0.1457	0.46563	0.288116	0.332598	0.418974	0.316696	0.381313	-0.100066	0.332554	0.134741	0.0271865	0.192017	0.132311	0.411297	
0.559131	0.397994	0.332877	0.525049	0.475598	0.364856	0.262525	0.306175	0.281994	0.315964	0.403906	0.209869	0.194907	0.559944	1	0.516746	0.316336	0.417674	0.246359	0.317957	0.288936	0.270679	0.0696443	0.367189	0.322112	0.0759329	0.337058	0.311136	0.245978	0.0805921	0.255312	0.404119	0.301382	0.16843	0.0287075	0.16196	0.189616	0.302517	0.0923059	0.089418	0.214275	0.194419	0.220015	0.177553	0.192862	0.0264252	0.329239	0.263312	0.418444	0.3176	0.479368	0.381223	0.0514214	0.451807	0.353141	0.155477	0.268823	-0.0933468	0.150361	0.217318	-0.0998536	-0.0179	0.106478	0.154205	0.430919	0.0166043	0.0984514	0.148612	0.194456	0.147956	0.110994	0.206044	0.338156	0.273926	0.00848119	0.319977	0.337437	0.357685	0.0295704	0.0865654	0.208514	0.485965	-0.0188834	-0.202441	0.253771	0.323475	0.328253	0.278231	-0.0213562	0.206411	0.200693	0.309124	0.329508	0.302868	0.208074	0.196369	-0.0196852	0.134087	0.181521	0.318381	0.32661	0.299914	0.067503	-0.0560651	0.142691	0.0579035	0.202231	-0.111315	-0.0548765	0.144463	0.210942	0.322693	-0.171614	0.139477	-0.0897219	-0.0534066	-0.0814251	-0.0330914	0.0531899	
0.483603	0.326018	0.564808	0.692924	0.436523	0.507197	0.557448	0.187067	0.460713	0.138339	0.328961	0.0880317	0.112868	0.273309	0.516746	1	0.272871	0.59872	0.589418	0.587019	0.294091	0.141589	0.214799	0.621262	0.548506	0.399133	0.23667	-0.0432415	0.123071	0.112552	0.66488	0.541054	0.47538	0.29749	0.407861	0.692133	0.361957	0.399685	0.223266	0.04784	0.0559314	0.117309	0.29038	0.257646	0.287099	0.0164229	0.124775	0.322235	0.347141	0.186768	0.352742	0.489284	-0.0258296	0.541261	0.208142	0.267994	0.214693	-0.0406983	0.236913	0.289947	-0.0918672	-0.197486	0.141059	0.282742	0.224135	-0.0933161	0.214892	0.27407	0.545233	0.143588	0.201363	-0.0524377	0.478752	0.320872	0.39677	0.141267	0.270368	0.110865	0.00231925	0.302351	-0.00355301	0.261676	0.0587803	0.0196807	0.0309709	0.130649	0.335658	0.425382	0.118487	0.118359	0.126845	0.0122471	0.203609	-0.0211148	0.123954	0.135444	-0.0606021	-0.0502126	-0.0500211	-0.0827246	0.156026	0.307437	0.00269693	0.00488522	0.194918	0.193446	0.0774508	-0.131416	-0.117726	0.0785585	0.279106	0.109885	0.155245	-0.145372	-0.154201	-0.0965183	-0.14797	-0.083611	0.0676871	
0.162263	-0.0040109	-0.031489	0.210125	0.195596	0.197814	0.221517	0.730009	0.552685	0.592525	0.581326	0.595991	0.675251	0.513885	0.316336	0.272871	1	0.685663	0.375845	0.622205	0.640917	0.609742	0.200794	0.562245	0.56706	0.358993	0.410684	0.167573	0.273818	0.186393	0.0708542	0.305395	0.476969	0.0599936	-0.171712	0.17657	-0.0594437	0.411536	0.0465198	-0.0115301	0.361145	0.605279	0.287949	0.175554	0.00638999	0.0420617	0.139037	0.190326	0.306844	0.666895	0.119009	0.0995187	0.0468457	0.115869	0.23429	0.117126	0.241819	0.0806256	0.130292	0.335396	-0.131024	0.0463542	0.00749339	0.352311	0.231948	-0.0212112	-0.13334	0.141231	0.176029	0.322011	0.195267	0.0810185	0.449584	0.537413	0.12879	0.136224	0.256058	0.206011	0.0716673	-0.0159092	0.0223082	0.271196	0.0410336	-0.149132	0.106347	0.191328	0.303185	0.33008	0.0117759	0.343938	0.260645	0.0995711	0.195058	0.0674076	0.286295	0.288572	-0.0472316	-0.000259402	0.260207	0.141924	0.44513	0.0876031	0.0898557	0.0346969	0.247561	-0.0174657	0.284817	0.259293	0.00223909	0.203264	0.22414	0.380682	0.128142	0.0220219	-0.0680062	-0.123975	0.0437106	0.138035	-0.00768025	
0.44483	0.13618	0.398956	0.484954	0.451018	0.490434	0.466904	0.688599	0.634593	0.448143	0.591184	0.437671	0.462944	0.467186	0.417674	0.59872	0.685663	1	0.528123	0.811013	0.601946	0.486413	0.374404	0.704836	0.703022	0.484696	0.501739	0.0756472	0.253615	0.244168	0.525433	0.667529	0.669801	0.260058	0.182107	0.397316	0.268535	0.57565	0.213057	0.14962	0.213279	0.446542	0.432437	0.377683	0.333219	0.141248	0.324946	0.432222	0.488331	0.494394	0.389665	0.338343	-0.0902496	0.485491	0.30736	0.146078	0.18033	0.0361959	0.121705	0.280177	-0.115681	-0.044885	0.091768	0.244685	0.354577	-0.172154	-0.0308664	0.232558	0.2592	0.22842	0.203868	0.153381	0.544535	0.547038	0.287045	0.134649	0.406195	0.20375	0.0296636	0.190766	0.0680337	0.333287	0.107792	0.0675923	0.0990962	0.175258	0.440379	0.435132	0.0608801	0.336277	0.262626	0.146981	0.272356	0.0193596	0.386344	0.319322	0.106824	0.0112254	0.154787	-1.74596e-005	0.432146	0.316312	0.179677	0.155803	0.37166	0.220419	0.353364	0.112631	-0.0189229	0.293307	0.410867	0.370193	0.181461	-0.0715988	0.0117344	-0.0641592	0.0412063	0.125017	0.100578	
0.18621	0.197387	0.311359	0.420028	0.296396	0.377732	0.385492	0.393711	0.695511	0.198573	0.412831	0.120044	0.315642	0.214405	0.246359	0.589418	0.375845	0.528123	1	0.65967	0.404364	0.292545	0.201015	0.701559	0.592704	0.264616	0.243602	0.0373993	0.337189	0.204527	0.377298	0.299763	0.325524	0.310373	0.173577	0.709873	0.212895	0.389517	0.221678	0.307807	0.250672	0.207332	0.295357	0.294799	0.131644	0.262036	0.0952347	0.367271	0.287515	0.346642	0.12462	0.208422	-0.111709	0.307061	0.213017	0.190025	0.20549	0.176492	0.395736	0.518879	-0.0372856	-0.0648411	-0.00996302	0.456575	0.0595027	-0.078727	0.14478	0.156003	0.584966	0.280312	0.142275	-0.00481123	0.496008	0.47861	0.394014	0.235568	0.22192	0.0233207	0.144103	0.206169	-0.0449219	0.228616	0.0271472	0.229997	0.11193	0.211941	0.257925	0.351984	0.240683	0.192135	0.150553	0.232393	0.248078	0.0592277	0.171789	0.313278	-0.0606817	0.106427	-0.00739102	-0.00955362	0.376213	0.227698	0.00725195	-0.043262	0.389766	0.434678	0.289697	0.069644	-0.128907	0.0719848	0.399436	0.258298	0.331077	0.157938	-0.176574	-0.0652744	-0.107647	-0.0614852	0.0015431	
0.436761	0.0803666	0.373797	0.55141	0.524107	0.56143	0.522327	0.653872	0.754267	0.442676	0.607544	0.419576	0.458784	0.316001	0.317957	0.587019	0.622205	0.811013	0.65967	1	0.717982	0.465263	0.429198	0.801058	0.890704	0.482791	0.452802	0.0350725	0.216415	0.196857	0.445475	0.538886	0.625287	0.195777	0.130627	0.496019	0.207294	0.600248	0.137383	0.112484	0.261132	0.420279	0.340878	0.38329	0.225746	0.117006	0.0760767	0.427793	0.446287	0.568206	0.392624	0.274047	-0.0499526	0.477847	0.351787	0.226137	0.360009	0.0459098	0.262165	0.418576	0.0295965	0.0483623	0.0309223	0.297114	0.12258	-0.117086	0.0408576	0.186166	0.35597	0.342125	0.21912	0.129758	0.591779	0.629631	0.358684	0.204241	0.285114	0.00775287	0.054013	0.170732	0.0092074	0.216678	-0.0467063	0.0665702	0.0214838	0.213981	0.313779	0.322417	0.0949065	0.309552	0.129889	0.0737297	0.211464	-0.0628583	0.231627	0.296988	-0.0337732	-0.0417677	0.115788	0.0113965	0.373178	0.310814	0.0610415	0.0599015	0.289375	0.254953	0.291765	0.0110506	-0.172634	0.189928	0.388742	0.368831	0.24652	-0.0873795	0.0200996	-0.178866	-0.114364	0.0492231	-0.0545641	
0.413536	-0.0381841	0.196037	0.511963	0.416611	0.436184	0.4692	0.55555	0.526991	0.571504	0.654392	0.538719	0.546979	0.311462	0.288936	0.294091	0.640917	0.601946	0.404364	0.717982	1	0.516502	0.44902	0.637104	0.671215	0.426284	0.568293	0.211016	0.161464	0.256255	0.243631	0.510801	0.67798	0.223086	-0.0870046	0.188836	0.149315	0.447399	-0.0151412	0.118002	0.361014	0.516139	0.407586	0.316175	0.121318	0.251827	0.271982	0.389511	0.305766	0.703502	0.325842	0.22806	0.11653	0.451577	0.360235	0.294314	0.333272	-0.106155	0.0992541	0.30729	0.186812	0.252778	0.0954944	0.204017	0.146254	0.0285273	-0.0408009	0.0361724	0.0804694	0.234737	0.3044	0.284147	0.456751	0.571974	0.173514	0.207863	0.359955	0.17496	0.14609	0.047697	-0.0218987	0.167326	-0.00746587	-0.0835559	-0.0739399	0.340731	0.309584	0.219993	0.0576733	0.259885	0.110887	0.12338	0.251959	-0.0504207	0.348572	0.356448	-0.003348	0.0986256	0.223887	0.203358	0.330343	0.274698	0.0723954	-0.0241458	0.298934	0.0635592	0.277644	0.0202239	-0.133209	0.243413	0.33778	0.391736	-0.0195596	-0.04613	-0.020685	-0.238876	-0.108026	0.123894	-0.0437035	
0.300845	0.124288	0.0505106	0.262214	0.368748	0.195457	0.23424	0.547181	0.508589	0.650193	0.635552	0.720476	0.462414	0.52449	0.270679	0.141589	0.609742	0.486413	0.292545	0.465263	0.516502	1	0.471706	0.502265	0.453147	0.203619	0.531091	0.205918	0.261579	0.349955	0.103685	0.35047	0.465947	0.0206498	-0.00880874	-0.00238346	0.112083	0.33652	0.10499	0.0453973	0.396836	0.467774	0.110992	0.124694	-0.0587807	0.0941167	0.330884	0.223292	0.400692	0.534613	0.35191	0.0534313	-0.0413494	0.231814	0.287644	0.134196	0.308264	0.127535	0.233028	0.3027	-0.0331359	0.091993	0.160795	0.219343	0.243955	-0.0849499	-0.0363345	0.134996	0.173261	0.356407	0.128613	0.350232	0.454323	0.537522	0.053623	0.171165	0.436813	0.175221	0.068755	0.0876731	0.0516737	0.351429	0.0176298	0.0941511	0.22002	0.181615	0.348021	0.282372	0.217163	0.411633	0.295012	0.264656	0.244498	0.124222	0.255614	0.296225	0.210408	0.127699	0.339572	0.179537	0.482607	0.301678	0.22511	0.16165	0.351818	0.2438	0.383453	0.320098	0.0478784	0.38265	0.222627	0.338905	0.0149607	0.0823405	0.0574538	-0.0761995	0.198197	0.164828	0.180684	
0.339717	0.0669282	0.330953	0.279045	0.49956	0.472028	0.367142	0.289863	0.383003	0.125005	0.409378	0.439928	0.161454	0.115127	0.0696443	0.214799	0.200794	0.374404	0.201015	0.429198	0.44902	0.471706	1	0.415121	0.34765	0.278085	0.31001	-0.0888575	-0.0638023	0.0572146	0.283566	0.549323	0.626722	0.054482	0.171926	0.0928998	0.219209	0.193347	0.0575628	0.0936785	-0.133555	0.155668	0.107675	0.0661494	-0.021641	0.0851051	0.206759	0.398834	0.320447	0.242933	0.402141	0.16898	-0.14598	0.505799	0.269049	0.132834	0.149357	-0.082053	-0.00414473	0.175902	0.15057	0.163442	0.349522	0.0340537	0.0928299	-0.0941647	-0.0641484	0.162448	0.0159589	0.0321337	0.25506	0.315886	0.355897	0.198216	0.0903908	-0.0288086	0.182363	-0.144823	-0.188394	0.0743138	-0.0522118	0.107464	0.0317134	0.0333351	-0.148841	-0.0603922	0.1523	0.0956323	0.169601	-0.0190724	0.0276689	0.0640796	-0.0416316	-0.161099	0.102565	0.173697	0.0457522	-0.190896	-0.0249572	0.000915935	0.0115038	0.347045	0.101904	0.240706	0.2357	0.322386	0.0732339	-0.0371382	-0.0677732	0.304726	0.109644	0.151997	-0.0534298	-0.0570519	0.0826585	0.00624099	-0.0365425	-0.0461169	0.127058	
0.466596	0.170546	0.319155	0.529553	0.464848	0.463484	0.562177	0.580849	0.747089	0.423268	0.645192	0.428849	0.437979	0.369678	0.367189	0.621262	0.562245	0.704836	0.701559	0.801058	0.637104	0.502265	0.415121	1	0.759534	0.545634	0.546086	0.109367	0.235835	0.257983	0.495833	0.54686	0.521824	0.154219	0.294585	0.567968	0.394383	0.56679	0.284568	0.073386	0.251972	0.344657	0.359283	0.273358	0.153796	0.0259865	0.19935	0.41858	0.461008	0.502925	0.358311	0.172538	-0.081949	0.496214	0.382589	0.380794	0.405497	0.0570332	0.355489	0.481303	0.0635439	0.0765628	0.0739832	0.304988	0.207275	-0.0832852	0.169808	0.320813	0.543551	0.408501	0.215837	0.181053	0.736833	0.63179	0.280463	0.285562	0.36312	0.132229	-0.0460499	0.270926	0.112077	0.352666	-0.0516008	0.165103	0.101934	0.211691	0.445561	0.482253	0.235603	0.284351	0.280325	0.162307	0.231031	0.0375897	0.174549	0.350488	-0.0719026	-0.0949547	0.148177	0.0411654	0.356992	0.480585	0.184029	0.16524	0.368355	0.287543	0.261355	-0.00231164	-0.227968	0.328929	0.285624	0.438164	0.103365	0.0211612	-0.0598502	-0.144999	-0.0432477	-0.138338	0.0711016	
0.445426	0.114397	0.300106	0.549617	0.464994	0.427691	0.496484	0.583631	0.711487	0.498094	0.546128	0.426123	0.4319	0.333121	0.322112	0.548506	0.56706	0.703022	0.592704	0.890704	0.671215	0.453147	0.34765	0.759534	1	0.452043	0.454966	0.0901022	0.189692	0.202015	0.417769	0.441169	0.537783	0.204448	0.145915	0.474986	0.247135	0.640103	0.232432	0.0753354	0.3609	0.429927	0.406429	0.439671	0.259844	0.154068	0.0940606	0.366127	0.423354	0.555517	0.361496	0.228162	0.0405011	0.408596	0.331786	0.296161	0.399778	0.0563557	0.362091	0.46188	0.084715	0.156059	-0.00708559	0.217603	0.122563	-0.046809	0.15462	0.173844	0.394702	0.453489	0.212297	0.12986	0.609481	0.686692	0.271863	0.306281	0.314324	-0.000733645	0.0534856	0.184048	0.11485	0.220751	-0.0720742	0.130744	0.119887	0.260205	0.334758	0.369638	0.175482	0.384743	0.190434	0.11303	0.260641	-0.0213261	0.165321	0.321446	-0.0515853	-0.0257542	0.178272	0.0392081	0.413394	0.314178	0.163395	0.148998	0.292421	0.247267	0.251907	0.0181344	-0.184317	0.212973	0.375937	0.340925	0.215848	-0.0333993	0.0522504	-0.0977919	-0.0735473	0.00338961	-0.0633266	
0.34408	0.0697258	0.223686	0.256931	0.198211	0.294228	0.331667	0.258321	0.394651	0.336837	0.325359	0.26747	0.244581	0.283489	0.0759329	0.399133	0.358993	0.484696	0.264616	0.482791	0.426284	0.203619	0.278085	0.545634	0.452043	1	0.49069	0.096599	0.207601	0.268478	0.43988	0.50106	0.463469	0.138371	0.328385	0.37497	0.398893	0.618928	0.279818	-0.0822018	0.216474	0.266327	0.421258	0.464858	0.429383	0.0110054	0.240373	0.193969	0.303914	0.272277	0.337126	0.0371596	0.0580665	0.381599	0.318404	0.282288	0.277503	-0.0352194	0.168133	0.14118	0.14274	0.229184	0.201622	0.156926	0.19969	-0.112908	0.203197	0.349013	0.289438	0.303519	0.179487	0.21072	0.422152	0.461055	0.232033	0.229042	0.343757	0.0863362	-0.214322	0.287902	0.150764	0.269502	-0.0857867	0.0940804	0.0172135	-0.038337	0.381113	0.35405	0.194549	0.173721	0.239145	-0.0839742	0.0775653	0.0113986	0.0752144	0.225688	-0.0687392	-0.139354	0.169907	-0.045412	0.204668	0.484197	0.314544	0.272225	0.268648	0.0328278	0.274614	0.0857448	-0.220256	0.450895	0.205419	0.335484	0.143927	-0.106301	0.129795	-0.144012	0.139548	-0.196537	0.250671	
0.433987	0.0956157	0.296109	0.352885	0.277626	0.373885	0.424451	0.454145	0.382696	0.52715	0.544987	0.43608	0.295367	0.437572	0.337058	0.23667	0.410684	0.501739	0.243602	0.452802	0.568293	0.531091	0.31001	0.546086	0.454966	0.49069	1	0.449149	0.376896	0.390104	0.391851	0.456272	0.501816	0.221243	0.307696	0.0378118	0.471632	0.576466	0.338256	0.220263	0.44505	0.290579	0.430274	0.491247	0.303906	0.279477	0.513752	0.412393	0.312909	0.335754	0.365646	0.0760102	-0.0576102	0.57517	0.380663	0.233717	0.258338	0.0910218	0.181749	0.200825	0.124232	0.252443	0.229685	0.269011	0.243862	-0.114599	0.0983902	0.268053	0.131939	0.264474	0.232522	0.408513	0.460579	0.589052	0.18617	0.281258	0.609167	0.387313	0.165085	0.283334	0.0893224	0.450334	0.0731369	0.266067	0.229897	0.344861	0.511814	0.402703	0.324416	0.372751	0.409958	0.330267	0.368159	0.322549	0.406835	0.420392	0.191942	0.123243	0.300274	0.221547	0.562669	0.620826	0.413251	0.185747	0.330669	0.137601	0.499926	0.243538	-0.0183495	0.551953	0.432436	0.424449	-0.234325	0.0662715	0.0117231	-0.174681	0.100068	0.0950079	0.195669	
0.132048	0.137847	-0.0195082	0.0221436	-0.0735078	-0.0245003	-0.0284485	0.101235	0.0553939	0.134149	0.0200769	0.0346667	0.0962486	0.454857	0.311136	-0.0432415	0.167573	0.0756472	0.0373993	0.0350725	0.211016	0.205918	-0.0888575	0.109367	0.0901022	0.096599	0.449149	1	0.617528	0.3791	-0.0495498	0.105261	0.0405817	0.274929	-0.00887969	-0.0671796	0.159197	0.332294	0.109878	0.357317	0.635459	0.179408	0.263036	0.282036	0.066718	0.368555	0.521391	0.0592052	0.106912	0.137236	0.226837	-0.0598385	0.0870904	0.21249	0.232421	0.106479	0.183677	0.235343	0.115846	0.128487	0.158456	0.339702	0.0734647	0.0557914	0.361403	0.0704373	0.166531	0.0321856	0.0477808	0.184174	0.0106764	0.378777	0.0471398	0.293926	0.117469	0.373117	0.284334	0.61157	0.431465	0.142347	0.120809	0.303359	0.0234905	0.12977	0.290728	0.467956	0.151266	0.173896	0.133264	0.27907	0.200153	0.475345	0.303094	0.78588	0.237672	0.247087	0.236569	0.400187	0.207674	0.365169	0.524155	0.226309	0.222198	-0.009433	0.143352	0.0544019	0.453813	0.377817	0.170414	0.352372	0.315929	0.206563	-0.373666	0.536926	-0.0759011	-0.105256	-0.0470119	0.0487062	0.113147	
0.0829026	0.183229	0.139441	0.0221268	-0.0121568	0.111947	0.0824117	0.277014	0.225294	0.151088	0.0989964	-0.0744206	0.240163	0.440105	0.245978	0.123071	0.273818	0.253615	0.337189	0.216415	0.161464	0.261579	-0.0638023	0.235835	0.189692	0.207601	0.376896	0.617528	1	0.258182	0.145581	0.0546196	-0.0109878	0.326539	0.217543	0.240147	0.333838	0.439631	0.286899	0.503591	0.528398	0.0663311	0.346643	0.371411	0.160634	0.343036	0.299731	0.258719	0.28206	0.149946	0.079095	-0.0925295	-0.140319	0.194026	0.190424	-0.0591345	0.211801	0.322205	0.18346	0.235294	-0.0519176	0.15722	0.0163041	0.308174	0.244782	-0.137315	0.0828303	0.15597	0.194719	0.214185	0.0334487	0.249704	0.171061	0.368926	0.274547	0.282879	0.370263	0.473237	0.463228	0.224428	0.0611562	0.268373	0.101172	0.146694	0.185043	0.409356	0.279897	0.421781	0.221136	0.239977	0.412467	0.614854	0.37884	0.663116	0.251838	0.31073	0.334727	0.452001	0.201229	0.206206	0.62337	0.264777	0.170662	0.0421659	0.395922	0.302562	0.68069	0.512999	0.183259	0.285148	0.448533	0.243464	0.0277511	0.530726	-0.0250325	0.131492	0.11151	-0.037284	0.233823	
0.0708602	-0.0395454	-0.0922162	0.125428	-0.0472952	-0.0091929	0.170532	0.222016	0.287903	0.264349	0.211064	0.178419	0.229054	0.258306	0.0805921	0.112552	0.186393	0.244168	0.204527	0.196857	0.256255	0.349955	0.0572146	0.257983	0.202015	0.268478	0.390104	0.3791	0.258182	1	0.177993	0.195131	0.100628	0.279258	0.155729	0.0975055	0.282158	0.327716	0.169779	0.0807706	0.44111	0.277514	0.276807	0.19845	0.222933	0.265191	0.427434	0.0573233	0.0815957	0.310964	0.0825643	-0.146167	-0.016418	0.126409	0.246119	0.192534	0.224022	0.268767	0.247375	0.115707	0.15166	0.225322	0.204618	0.240825	0.150764	-0.0745612	0.237394	0.265492	0.225147	0.214175	0.121189	0.242961	0.266056	0.302693	0.290318	0.206301	0.408182	0.297414	0.189056	0.337732	0.10007	0.419591	-0.017911	0.320386	0.209947	0.157534	0.229842	0.239425	0.215558	0.308169	0.189444	0.244035	0.265989	0.220018	0.219891	0.211841	0.0468403	0.0348731	0.16746	0.168765	0.302324	0.240576	0.266642	0.106371	0.157994	-0.0215057	0.318028	0.156474	-0.0453567	0.295471	0.0748854	0.213576	0.00369352	0.257093	-0.0163142	-0.139712	0.083002	-0.103194	0.134334	
0.378382	0.292708	0.568186	0.512156	0.335882	0.513259	0.576344	0.0936832	0.327533	0.0585368	0.295029	-0.0386204	-0.0550618	0.13261	0.255312	0.66488	0.0708542	0.525433	0.377298	0.445475	0.243631	0.103685	0.283566	0.495833	0.417769	0.43988	0.391851	-0.0495498	0.145581	0.177993	1	0.485587	0.359503	0.484285	0.732808	0.518405	0.730314	0.528385	0.422342	0.352885	0.0176881	-0.0693745	0.539736	0.378058	0.526241	0.184722	0.181081	0.522854	0.305006	0.0356542	0.242981	0.368905	-0.213618	0.597019	0.162526	0.176324	0.14372	0.00880227	0.214525	0.181625	0.0718685	0.0166045	0.249751	0.144946	0.0594497	-0.263388	0.133997	0.364688	0.316852	0.0912445	0.283517	0.156941	0.333088	0.290065	0.355231	-0.00105583	0.36068	0.00911866	0.0930461	0.404938	-0.018864	0.170165	0.164824	0.158188	-0.0504282	0.123093	0.438708	0.456421	0.103068	0.0397578	0.231544	0.152589	0.179046	-0.0779976	0.23383	0.243986	0.137882	0.0260685	-0.144334	-0.186652	0.256329	0.492346	0.209732	0.176901	0.219594	0.323172	0.234146	-0.0920215	0.0347931	0.201428	0.456095	0.118172	0.0362007	-0.0663347	0.00235395	0.0438704	-0.0515392	-0.0757784	0.0960903	
0.506729	0.215876	0.407247	0.493183	0.405957	0.425232	0.490664	0.33494	0.353356	0.295391	0.477697	0.438449	0.207336	0.337443	0.404119	0.541054	0.305395	0.667529	0.299763	0.538886	0.510801	0.35047	0.549323	0.54686	0.441169	0.50106	0.456272	0.105261	0.0546196	0.195131	0.485587	1	0.764288	0.153808	0.18146	0.313202	0.283627	0.412097	0.14244	0.0291489	0.0432792	0.363188	0.271837	0.320005	0.320795	0.0857527	0.474561	0.312001	0.320122	0.276737	0.451401	0.376571	-0.109665	0.580934	0.308028	0.282035	0.109954	-0.154041	0.0302599	0.0201786	0.0980403	0.0650686	0.223953	0.0297702	0.352854	-0.181155	0.0254824	0.188065	0.175335	-0.013728	0.176867	0.263368	0.39512	0.302727	0.163314	0.109	0.290147	0.239119	-0.194632	0.132128	0.050746	0.324134	0.0469354	0.0463425	0.0020906	0.0705204	0.34377	0.258269	0.0380005	0.127157	0.124317	0.0189336	0.135661	-0.0379153	0.269484	0.164987	-0.0145467	-0.0792486	0.0404399	-0.0118155	0.141032	0.38984	0.224877	0.219796	0.203111	0.0872852	0.149929	-0.0389281	-0.0809814	0.442656	0.202688	0.312791	0.0122323	-0.168894	-0.0385897	-0.123267	-0.0399579	0.0558006	0.167333	
0.423953	0.14634	0.40708	0.485353	0.505479	0.550452	0.457749	0.394989	0.438962	0.43997	0.544144	0.538348	0.355856	0.33654	0.301382	0.47538	0.476969	0.669801	0.325524	0.625287	0.67798	0.465947	0.626722	0.521824	0.537783	0.463469	0.501816	0.0405817	-0.0109878	0.100628	0.359503	0.764288	1	0.136872	0.0183981	0.227726	0.102664	0.359238	0.0185019	0.03698	0.118065	0.489589	0.249208	0.312445	0.246457	0.118675	0.346208	0.361308	0.333169	0.466646	0.46517	0.387052	-0.0283937	0.549789	0.350498	0.212827	0.128538	-0.123345	-0.0164952	0.156577	0.0912835	0.0795072	0.237003	0.158784	0.203295	-0.112808	-0.0792356	0.0689351	0.0588842	0.0897028	0.252946	0.219564	0.415608	0.392759	0.192882	0.114324	0.319897	0.120906	-0.0821249	0.0531574	-0.0635056	0.249804	0.0835363	0.0256675	0.0316318	0.0957894	0.303935	0.188884	0.121907	0.209097	0.0881692	-0.00999697	0.158084	-0.0578785	0.341743	0.280831	0.0322343	-0.0122565	0.0694931	0.0468162	0.200041	0.329812	0.0939676	0.102648	0.190339	0.122097	0.177446	0.0579898	-0.0298468	0.302378	0.289957	0.261658	-0.015306	-0.187581	-0.00106301	-0.188716	0.00195455	0.219152	0.12292	
0.137639	0.220197	0.411482	0.369695	0.195887	0.272071	0.24458	0.0528652	0.175386	-0.0799957	0.0518543	-0.171354	-0.038574	0.14869	0.16843	0.29749	0.0599936	0.260058	0.310373	0.195777	0.223086	0.0206498	0.054482	0.154219	0.204448	0.138371	0.221243	0.274929	0.326539	0.279258	0.484285	0.153808	0.136872	1	0.218413	0.284044	0.357806	0.357676	0.171942	0.658987	0.138505	-0.0887019	0.444964	0.358953	0.399453	0.557721	0.321878	0.35216	0.0858342	0.0489656	0.134812	0.401441	0.107467	0.317383	0.0694703	0.0507997	-0.0414441	-0.0312351	-0.0149138	0.106286	0.0743405	-0.00806435	0.0119989	-0.0159901	0.11682	0.0220502	0.0259758	-0.0214539	0.00171007	-0.138475	0.104875	0.104127	-0.0173112	0.0736664	0.194186	0.0283802	0.04725	0.206867	0.542334	0.0320422	0.00197273	-0.0379414	0.274438	0.204245	0.0804409	0.403604	0.170417	0.0673543	0.131118	0.0375195	0.0296663	0.25078	0.159453	0.0228969	0.515124	0.197172	0.335189	0.451218	-0.148947	-0.101564	0.431662	0.150586	0.103079	0.00580733	0.341151	0.446093	0.237057	0.24763	0.370832	0.14701	0.703682	-0.013123	0.0449117	0.260939	0.00560267	0.177982	-0.0846682	0.175035	-0.0641521	
0.234689	0.263486	0.425584	0.167038	0.152202	0.302476	0.400102	-0.0556925	0.126951	-0.0518257	0.0749614	-0.151927	-0.223061	0.0138529	0.0287075	0.407861	-0.171712	0.182107	0.173577	0.130627	-0.0870046	-0.00880874	0.171926	0.294585	0.145915	0.328385	0.307696	-0.00887969	0.217543	0.155729	0.732808	0.18146	0.0183981	0.218413	1	0.360876	0.806749	0.437585	0.684013	0.289462	0.054029	-0.249706	0.424341	0.328468	0.440483	0.0679838	0.0811598	0.441869	0.29653	-0.20929	0.129486	0.058713	-0.266577	0.4361	0.0968884	0.0804027	0.139733	0.129647	0.224028	0.137549	0.0596581	0.124452	0.318453	0.0934532	0.0377885	-0.245282	0.270477	0.512935	0.297265	0.168117	0.24656	0.110906	0.232091	0.186907	0.327119	0.0306613	0.336991	-0.0713603	-0.0085841	0.547413	0.0711505	0.151615	0.0302782	0.223899	0.00482062	-0.0693692	0.336986	0.514804	0.207436	-0.0341603	0.385513	0.142127	0.057495	0.0696873	-0.0648234	0.198046	0.139822	-0.105345	-0.15892	-0.183301	0.106437	0.523514	0.321025	0.312874	0.245321	0.364287	0.263171	-0.0358997	-0.0162154	0.235383	0.221289	0.036767	-0.0237296	-0.0153317	0.109702	0.135112	0.0431114	-0.281641	0.196103	
0.157675	0.253821	0.33706	0.323571	0.159938	0.323146	0.369635	0.0499367	0.397162	-0.0431877	0.111916	-0.142291	0.0829626	0.0839341	0.16196	0.692133	0.17657	0.397316	0.709873	0.496019	0.188836	-0.00238346	0.0928998	0.567968	0.474986	0.37497	0.0378118	-0.0671796	0.240147	0.0975055	0.518405	0.313202	0.227726	0.284044	0.360876	1	0.326708	0.353946	0.209947	0.176008	0.0445615	-0.0156078	0.246479	0.177207	0.204007	0.0774802	-0.0231677	0.236291	0.222065	0.0827891	0.0221763	0.20644	-0.146926	0.257096	0.0800486	0.161849	0.0937046	0.0532792	0.231861	0.240622	-0.0506389	-0.119271	-0.045988	0.254305	0.0217684	-0.169021	0.1892	0.165321	0.613536	0.0957989	0.116408	-0.122708	0.339609	0.257477	0.423951	0.0301915	0.0917993	0.00829427	0.0288106	0.193273	-0.134985	0.0182277	-0.0348472	0.166994	-0.0934516	0.0372263	0.179097	0.360771	0.111542	-0.0317825	0.0637083	0.0419118	0.0331572	-0.0235984	0.0594987	0.109515	-0.0861491	-0.0584084	-0.223124	-0.271733	0.131145	0.166265	-0.0537011	-0.0112623	0.213175	0.294852	0.0880331	-0.0426278	-0.10012	0.00739461	0.258967	0.0390713	0.294291	0.109879	-0.190124	-0.0206595	-0.11606	-0.230998	-0.00447112	
