1	0.0793167	-0.288751	0.330929	0.404493	0.00471464	-0.0759057	0.490871	0.111813	-0.370121	0.055219	-0.254356	0.196415	0.49776	-0.392248	0.799911	0.776157	0.144992	0.211298	0.958682	0.39384	0.98814	-0.534808	-0.580784	0.080078	0.848333	0.903677	-0.736563	-0.284106	0.380918	0.452854	0.295456	0.347978	-0.335181	-0.17098	0.371993	-0.691597	0.994583	-0.153875	-0.384455	-0.899977	-0.24439	0.0453555	-0.444713	-0.0443036	-0.978428	-0.00210855	-0.0486722	0.0424927	0.36583	0.0690156	0.327548	0.986765	0.833599	0.135546	-0.638384	-0.816516	-0.693071	0.464991	-0.353458	0.790981	0.219767	0.339172	-0.42331	-0.558673	-0.324509	-0.981928	-0.79093	0.0112845	0.684333	0.087902	-0.912737	-0.492479	-0.81021	0.994812	0.385163	-0.914794	-0.62373	-0.890939	-0.303154	0.329153	0.654036	0.51977	0.669801	0.0823655	0.248098	0.336154	-0.260244	-0.828646	-0.28987	0.257969	0.117567	0.280649	-0.0216204	0.987567	-0.512494	-0.610641	0.991754	-0.640102	0.783842	
0.0793167	1	-0.885847	-0.734036	-0.853165	-0.975469	-0.936647	-0.791256	-0.93065	-0.837749	-0.912037	-0.820308	-0.899017	-0.76007	-0.6502	-0.49116	-0.538546	-0.857727	-0.895231	-0.171483	-0.825702	0.219924	-0.740251	-0.704061	-0.799157	-0.393761	0.490051	-0.633907	-0.855042	-0.845257	-0.802151	-0.858395	-0.819017	-0.880266	-0.978689	-0.80907	-0.758106	0.0554067	-0.974104	-0.863696	-0.333797	-0.891841	-0.941079	-0.853953	-0.926229	0.0849848	-0.920579	-0.994266	-0.978351	-0.819869	-0.902479	0.748346	-0.0647767	-0.470791	-0.969244	-0.72814	-0.607217	-0.653281	0.751563	-0.928587	0.424532	-0.858411	-0.880036	-0.912333	-0.788105	-0.867787	-0.0332078	-0.547056	-0.883877	-0.606196	-0.873532	0.184053	-0.794857	-0.50519	0.178759	-0.182996	-0.17661	-0.0800196	-0.397782	-0.85475	-0.821707	-0.630938	-0.755082	-0.638508	-0.896301	-0.808671	-0.860126	-0.879537	-0.474186	-0.879098	-0.870933	-0.88242	-0.871908	-0.916043	-0.0619658	-0.892927	-0.816769	0.18732	0.32269	0.644601	
-0.288751	-0.885847	1	0.785284	0.740191	0.92753	0.973297	0.683094	0.911905	0.994004	0.939168	0.988554	0.878641	0.685162	0.924991	0.341555	0.373262	0.903896	0.871614	-0.00840254	0.762502	-0.387444	0.953546	0.932626	0.913732	0.255208	-0.658183	0.854787	0.993516	0.768491	0.717889	0.827498	0.796647	0.998653	0.960149	0.780623	0.873158	-0.303723	0.965025	0.994654	0.628815	0.998855	0.936405	0.9853	0.967765	0.192584	0.955511	0.915709	0.908362	0.784686	0.934849	-0.969114	-0.130617	0.263607	0.862028	0.920353	0.784779	0.882505	-0.943437	0.981525	-0.743837	0.865571	0.784275	0.969795	0.955208	0.99894	0.283896	0.799405	0.95317	0.495204	0.927413	0.159598	0.972436	0.774014	-0.372271	-0.287108	0.512836	-0.0870365	0.669423	0.997909	0.808531	0.533573	0.665108	0.515079	0.930126	0.849261	0.799291	0.999101	0.744456	0.999838	0.849039	0.916429	0.834716	0.962844	-0.135685	0.87633	0.917424	-0.356143	0.12461	-0.814435	
0.330929	-0.734036	0.785284	1	0.926121	0.850111	0.876182	0.938125	0.922004	0.739073	0.930447	0.81943	0.948464	0.953682	0.719447	0.81342	0.81739	0.967685	0.952484	0.58301	0.95655	0.242467	0.610839	0.573855	0.953276	0.755417	-0.0653004	0.389879	0.80314	0.951437	0.953984	0.97034	0.980252	0.755105	0.772048	0.98017	0.389747	0.301366	0.791995	0.720201	0.0940151	0.810585	0.907963	0.669316	0.893885	-0.38029	0.903566	0.795469	0.852009	0.971406	0.939012	-0.774878	0.474213	0.746365	0.861864	0.500343	0.243842	0.446396	-0.625946	0.694533	-0.27854	0.951954	0.922917	0.639726	0.580996	0.767432	-0.309687	0.313126	0.931576	0.878418	0.952994	-0.326054	0.649717	0.277648	0.25353	-0.205867	-0.00806296	-0.604482	0.126388	0.785427	0.979182	0.916697	0.94459	0.894549	0.944614	0.991084	0.95489	0.807926	0.248273	0.786344	0.964002	0.956925	0.963834	0.905747	0.46893	0.470844	0.480733	0.276635	-0.172692	-0.288568	
0.404493	-0.853165	0.740191	0.926121	1	0.915213	0.873807	0.992164	0.950607	0.668797	0.922923	0.726963	0.96937	0.985468	0.536021	0.865504	0.889346	0.933998	0.972403	0.63655	0.993659	0.28474	0.508228	0.452848	0.877342	0.808613	-0.02542	0.288216	0.723894	0.996565	0.992961	0.982193	0.980295	0.709261	0.829282	0.981518	0.379601	0.402177	0.840246	0.671656	-0.0567888	0.768783	0.927644	0.626861	0.885032	-0.513025	0.902733	0.884283	0.928221	0.985964	0.924337	-0.640188	0.542874	0.833677	0.953969	0.42349	0.194545	0.33773	-0.556211	0.711583	-0.109068	0.959602	0.995911	0.656926	0.514289	0.710527	-0.421306	0.189342	0.892088	0.930132	0.919435	-0.537989	0.564807	0.14761	0.314227	0.157413	-0.194751	-0.371649	-0.00202358	0.717276	0.977584	0.94056	0.985401	0.944432	0.927063	0.943532	0.993154	0.753507	0.105468	0.73681	0.977868	0.934593	0.982931	0.89198	0.538806	0.543267	0.476388	0.318362	-0.448994	-0.247	
0.00471464	-0.975469	0.92753	0.850111	0.915213	1	0.983135	0.866869	0.986824	0.882914	0.977623	0.892001	0.968827	0.853563	0.735099	0.591444	0.630185	0.946648	0.965438	0.272093	0.909329	-0.123115	0.777539	0.735441	0.908794	0.509047	-0.423384	0.628673	0.903736	0.919312	0.882777	0.937677	0.910835	0.914444	0.984057	0.90167	0.71839	0.00817312	0.987207	0.894911	0.320316	0.939229	0.990648	0.873802	0.980745	-0.139094	0.981822	0.992756	0.998523	0.910736	0.972295	-0.82637	0.160373	0.546223	0.986974	0.734778	0.568052	0.662281	-0.799819	0.932221	-0.450373	0.947474	0.940907	0.903521	0.799222	0.909753	-0.0313528	0.542775	0.959811	0.713802	0.956287	-0.204021	0.822697	0.505262	-0.0921582	0.042068	0.172843	-0.102575	0.378574	0.906228	0.915827	0.734497	0.844891	0.734738	0.968964	0.909723	0.934596	0.928256	0.466078	0.923739	0.949786	0.960891	0.94608	0.977494	0.156217	0.826551	0.788266	-0.0893155	-0.233111	-0.610916	
-0.0759057	-0.936647	0.973297	0.876182	0.873807	0.983135	1	0.829272	0.981212	0.943684	0.99047	0.9573	0.962389	0.826194	0.844641	0.53659	0.568344	0.966585	0.958475	0.204898	0.8856	-0.189858	0.859483	0.8262	0.951383	0.452545	-0.489521	0.716984	0.963059	0.892202	0.854093	0.929439	0.905202	0.962479	0.978916	0.894077	0.764806	-0.0849921	0.985407	0.946602	0.435059	0.981731	0.991882	0.925406	0.99912	-0.0341814	0.995246	0.966851	0.974404	0.8983	0.987551	-0.913324	0.0848321	0.472351	0.950455	0.809388	0.636686	0.752494	-0.865308	0.953494	-0.571204	0.94759	0.904494	0.927339	0.86576	0.962302	0.0665332	0.642662	0.988887	0.668453	0.979112	-0.0687352	0.894274	0.60902	-0.167653	-0.139389	0.302615	-0.176585	0.483743	0.962839	0.912286	0.700812	0.812185	0.689249	0.984826	0.929766	0.913042	0.976704	0.574649	0.971651	0.943183	0.977007	0.935438	0.997129	0.0801312	0.827092	0.829141	-0.156029	-0.0755911	-0.675274	
0.490871	-0.791256	0.683094	0.938125	0.992164	0.866869	0.829272	1	0.918664	0.608152	0.891742	0.680144	0.947471	0.99546	0.497798	0.913227	0.929602	0.916272	0.952767	0.711508	0.990123	0.379096	0.439812	0.386214	0.858311	0.861116	0.0732944	0.209252	0.675985	0.991673	0.99835	0.973905	0.979327	0.648703	0.766512	0.983324	0.286807	0.486082	0.779928	0.606369	-0.133726	0.71456	0.891868	0.555735	0.844636	-0.584444	0.863043	0.829318	0.882626	0.983283	0.89614	-0.597512	0.622101	0.883807	0.916748	0.344019	0.0999703	0.261644	-0.479732	0.638016	-0.0384139	0.94137	0.981288	0.577832	0.439528	0.652482	-0.493075	0.111449	0.861937	0.959152	0.895856	-0.584715	0.498969	0.0686863	0.405818	0.139142	-0.26233	-0.472311	-0.0838666	0.662657	0.973529	0.973335	0.997034	0.973642	0.900688	0.941002	0.983835	0.700893	0.0309676	0.679979	0.963804	0.91269	0.972086	0.853891	0.618948	0.454998	0.387681	0.410679	-0.46735	-0.15113	
0.111813	-0.93065	0.911905	0.922004	0.950607	0.986824	0.981212	0.918664	1	0.865455	0.994773	0.897366	0.99558	0.915256	0.749253	0.682873	0.712762	0.984263	0.994011	0.381433	0.956611	-0.00684926	0.748747	0.70444	0.953916	0.609538	-0.320866	0.569531	0.897485	0.96116	0.935007	0.978855	0.963041	0.892546	0.949994	0.956297	0.635891	0.103986	0.95866	0.868037	0.254665	0.928814	0.997164	0.836821	0.985316	-0.223661	0.990773	0.962897	0.985816	0.961565	0.993395	-0.834963	0.269111	0.627841	0.979864	0.68281	0.482128	0.612335	-0.774023	0.887882	-0.408592	0.984473	0.9695	0.84919	0.7539	0.893181	-0.123792	0.483448	0.981774	0.794834	0.986512	-0.256807	0.791803	0.446493	0.0182143	-0.0289441	0.116283	-0.257866	0.307386	0.89646	0.96705	0.816776	0.906079	0.811554	0.992755	0.96381	0.973314	0.919195	0.406287	0.90973	0.986629	0.990708	0.982914	0.987133	0.264465	0.737724	0.715154	0.0276246	-0.217418	-0.527841	
-0.370121	-0.837749	0.994004	0.739073	0.668797	0.882914	0.943684	0.608152	0.865455	1	0.901472	0.989409	0.827963	0.615642	0.951214	0.25558	0.285573	0.864912	0.819561	-0.0943945	0.698307	-0.457749	0.980041	0.96407	0.8896	0.172848	-0.712702	0.897403	0.989712	0.702198	0.647578	0.770464	0.739064	0.996068	0.929084	0.721177	0.897418	-0.390809	0.934268	0.99768	0.702182	0.989349	0.894454	0.992462	0.937085	0.286827	0.922763	0.86964	0.858632	0.725242	0.897054	-0.98189	-0.215208	0.169071	0.80234	0.951082	0.830144	0.923001	-0.96694	0.971879	-0.81026	0.81887	0.717663	0.965559	0.975408	0.997687	0.367804	0.852343	0.923828	0.417365	0.89215	0.258756	0.988969	0.832239	-0.447676	-0.367712	0.597828	-0.0641231	0.737269	0.997269	0.7536	0.456212	0.592601	0.434352	0.89192	0.804388	0.737084	0.991979	0.80392	0.995101	0.79546	0.876566	0.777272	0.932052	-0.220812	0.868393	0.932851	-0.427619	0.227659	-0.856185	
0.055219	-0.912037	0.939168	0.930447	0.922923	0.977623	0.99047	0.891742	0.994773	0.901472	1	0.933897	0.988693	0.89317	0.811008	0.642505	0.669076	0.991721	0.986695	0.332537	0.937833	-0.0563801	0.798125	0.759462	0.973616	0.566856	-0.368301	0.625677	0.931945	0.941025	0.913126	0.969764	0.954442	0.921679	0.9495	0.946363	0.669925	0.0412754	0.959553	0.899665	0.326817	0.953637	0.99661	0.869382	0.994839	-0.155027	0.996892	0.950163	0.972478	0.949046	0.999654	-0.883622	0.215067	0.577662	0.959005	0.730158	0.529253	0.668622	-0.813634	0.903559	-0.481654	0.979755	0.944885	0.867361	0.796058	0.92441	-0.0593082	0.54634	0.995938	0.760175	0.996274	-0.173363	0.835573	0.511571	-0.0356765	-0.126949	0.196469	-0.286539	0.374483	0.92945	0.959669	0.789482	0.880988	0.777753	0.999106	0.970001	0.956661	0.94741	0.47449	0.938023	0.978732	0.996695	0.972831	0.996893	0.210092	0.746195	0.745036	-0.0218614	-0.129118	-0.572202	
-0.254356	-0.820308	0.988554	0.81943	0.726963	0.892001	0.9573	0.680144	0.897366	0.989409	0.933897	1	0.872628	0.695116	0.95977	0.363249	0.386723	0.915068	0.865985	0.0265658	0.764412	-0.338281	0.95312	0.932904	0.942325	0.287475	-0.611819	0.837574	0.990465	0.763873	0.718747	0.828649	0.806833	0.98398	0.915852	0.791413	0.824318	-0.283678	0.925798	0.979893	0.625894	0.989634	0.91886	0.964658	0.956532	0.185855	0.947321	0.864304	0.869449	0.792846	0.932695	-0.990214	-0.0958898	0.269825	0.820468	0.902455	0.747127	0.872232	-0.947013	0.943396	-0.757893	0.871165	0.768445	0.926701	0.935754	0.989814	0.261014	0.788739	0.957732	0.515309	0.934902	0.18145	0.962618	0.767827	-0.331596	-0.403124	0.524899	-0.200512	0.658417	0.995163	0.820213	0.554235	0.672321	0.529135	0.929959	0.869544	0.795138	0.99233	0.737036	0.99075	0.849439	0.920188	0.831841	0.956092	-0.102113	0.799264	0.870948	-0.306541	0.209916	-0.777588	
0.196415	-0.899017	0.878641	0.948464	0.96937	0.968827	0.962389	0.947471	0.99558	0.827963	0.988693	0.872628	1	0.947622	0.721978	0.743788	0.76929	0.989443	0.999767	0.460674	0.978446	0.0818094	0.700724	0.653856	0.958626	0.677106	-0.236399	0.503805	0.867292	0.980472	0.961666	0.993106	0.983768	0.855055	0.916728	0.979117	0.564477	0.184788	0.927872	0.826758	0.182844	0.89927	0.987174	0.789733	0.970182	-0.298351	0.979252	0.937057	0.969918	0.982936	0.98926	-0.808089	0.351205	0.688187	0.970636	0.623048	0.405242	0.551215	-0.730858	0.842648	-0.347889	0.993447	0.982385	0.797643	0.699357	0.857913	-0.203016	0.416042	0.975016	0.844924	0.986331	-0.31804	0.744642	0.379015	0.105029	-0.0297494	0.0486295	-0.334937	0.233673	0.864473	0.986477	0.865186	0.939576	0.859211	0.990149	0.979765	0.989156	0.889314	0.337798	0.876912	0.997504	0.991871	0.995001	0.974786	0.346487	0.672303	0.64978	0.116093	-0.242745	-0.452995	
0.49776	-0.76007	0.685162	0.953682	0.985468	0.853563	0.826194	0.99546	0.915256	0.615642	0.89317	0.695116	0.947622	1	0.522976	0.917681	0.930996	0.925515	0.952318	0.719677	0.992598	0.394644	0.451403	0.396005	0.88046	0.874663	0.0856126	0.209973	0.678925	0.989273	0.9967	0.974725	0.984791	0.648995	0.749876	0.98846	0.271781	0.48319	0.766161	0.608151	-0.123807	0.71788	0.886265	0.555005	0.843919	-0.576199	0.865667	0.805872	0.866115	0.989016	0.898681	-0.616366	0.630759	0.876528	0.89611	0.346301	0.092929	0.266947	-0.50077	0.627449	-0.0596444	0.950278	0.974976	0.564702	0.4392	0.655942	-0.497097	0.11613	0.869056	0.969066	0.903871	-0.566668	0.502346	0.0776726	0.41602	0.0733136	-0.244683	-0.517359	-0.0776067	0.669718	0.981356	0.978987	0.999348	0.977092	0.904108	0.951761	0.982801	0.704671	0.0357946	0.683697	0.966298	0.917628	0.970859	0.856002	0.626465	0.419425	0.373536	0.426771	-0.405211	-0.145772	
-0.392248	-0.6502	0.924991	0.719447	0.536021	0.735099	0.844641	0.497798	0.749253	0.951214	0.811008	0.95977	0.721978	0.522976	1	0.184177	0.194827	0.799679	0.715182	-0.129768	0.592701	-0.444588	0.960185	0.960721	0.856833	0.10999	-0.670337	0.885522	0.948653	0.589427	0.545432	0.67764	0.659267	0.927442	0.783003	0.642144	0.810626	-0.433293	0.794994	0.931286	0.75186	0.918128	0.782413	0.921755	0.84406	0.366511	0.824892	0.703584	0.704113	0.635213	0.81286	-0.987626	-0.249815	0.0776633	0.640466	0.913295	0.782982	0.914203	-0.922269	0.854513	-0.86391	0.725172	0.580713	0.84874	0.926421	0.937976	0.421328	0.863532	0.857218	0.329776	0.823997	0.405688	0.953242	0.851006	-0.450841	-0.626504	0.688167	-0.24614	0.764917	0.946847	0.673773	0.386588	0.494926	0.345921	0.810604	0.756584	0.626335	0.930714	0.835714	0.929648	0.698573	0.800733	0.677815	0.843636	-0.255834	0.716289	0.837404	-0.417339	0.43233	-0.799989	
0.799911	-0.49116	0.341555	0.81342	0.865504	0.591444	0.53659	0.913227	0.682873	0.25558	0.642505	0.363249	0.743788	0.917681	0.184177	1	0.997602	0.70571	0.754341	0.935673	0.864423	0.721796	0.0666456	0.00970834	0.642458	0.988051	0.471006	-0.18953	0.342381	0.857521	0.896481	0.809365	0.839866	0.295797	0.439953	0.853631	-0.127263	0.789036	0.458778	0.244262	-0.495669	0.383974	0.633573	0.179964	0.56301	-0.845309	0.595557	0.536079	0.618248	0.849578	0.652878	-0.2764	0.885201	0.989285	0.682844	-0.0526182	-0.308949	-0.131315	-0.127167	0.271427	0.321823	0.752997	0.826943	0.196855	0.0490033	0.305193	-0.790933	-0.2794	0.605839	0.978446	0.664609	-0.805223	0.123513	-0.316351	0.740543	0.226051	-0.586164	-0.648679	-0.460094	0.324136	0.82787	0.976414	0.927608	0.980929	0.662741	0.772585	0.832226	0.368445	-0.35062	0.339721	0.785081	0.688314	0.799937	0.581183	0.882762	0.05982	-0.0201701	0.74604	-0.582444	0.258463	
0.776157	-0.538546	0.373262	0.81739	0.889346	0.630185	0.568344	0.929602	0.712762	0.285573	0.669076	0.386723	0.76929	0.930996	0.194827	0.997602	1	0.724909	0.77897	0.918527	0.883789	0.690733	0.0948363	0.0351849	0.657791	0.982678	0.433171	-0.159694	0.367901	0.878326	0.912689	0.828975	0.855462	0.328447	0.482948	0.868241	-0.0838236	0.768682	0.500176	0.277861	-0.475857	0.415089	0.664323	0.215778	0.592817	-0.833873	0.625535	0.579031	0.65693	0.866848	0.677791	-0.294346	0.866068	0.988423	0.719798	-0.0190288	-0.270732	-0.102587	-0.159879	0.31388	0.303599	0.775946	0.853823	0.240684	0.0829315	0.335955	-0.774344	-0.253194	0.629116	0.984538	0.686041	-0.809458	0.153326	-0.291016	0.712436	0.262646	-0.574972	-0.597889	-0.435749	0.352692	0.844331	0.979346	0.941014	0.987122	0.686719	0.784919	0.85421	0.397869	-0.32834	0.370847	0.806939	0.710202	0.821236	0.609639	0.863523	0.110559	0.0234605	0.715838	-0.602236	0.218707	
0.144992	-0.857727	0.903896	0.967685	0.933998	0.946648	0.966585	0.916272	0.984263	0.864912	0.991721	0.915068	0.989443	0.925515	0.799679	0.70571	0.724909	1	0.988933	0.417707	0.957325	0.0425398	0.753662	0.713499	0.987637	0.639265	-0.273784	0.559472	0.903496	0.956008	0.937144	0.982614	0.976562	0.881484	0.90141	0.970687	0.58596	0.122457	0.915626	0.855845	0.260666	0.922495	0.980129	0.817994	0.976062	-0.2253	0.982148	0.906435	0.9423	0.970631	0.99442	-0.866967	0.30249	0.634921	0.934169	0.668475	0.444577	0.609007	-0.773605	0.846945	-0.431428	0.988516	0.949359	0.8033	0.738676	0.888316	-0.139416	0.481169	0.990899	0.811948	0.998259	-0.219402	0.788754	0.447648	0.0584463	-0.173028	0.139899	-0.401809	0.303289	0.898688	0.980943	0.840999	0.913375	0.82573	0.996044	0.991982	0.968567	0.917125	0.409991	0.904023	0.987916	0.9986	0.982145	0.982245	0.297064	0.65733	0.667373	0.0771379	-0.121091	-0.489401	
0.211298	-0.895231	0.871614	0.952484	0.972403	0.965438	0.958475	0.952767	0.994011	0.819561	0.986695	0.865985	0.999767	0.952318	0.715182	0.754341	0.77897	0.988933	1	0.474567	0.981092	0.0965052	0.69008	0.643631	0.956296	0.686973	-0.221641	0.491775	0.861817	0.983434	0.966282	0.995198	0.986584	0.84756	0.91094	0.982441	0.552062	0.200256	0.922255	0.818203	0.168993	0.892686	0.985103	0.780273	0.966697	-0.312752	0.975587	0.933614	0.967422	0.985393	0.987647	-0.801303	0.365215	0.700277	0.970111	0.61118	0.391051	0.539336	-0.718259	0.834072	-0.334326	0.992565	0.983969	0.788316	0.688906	0.850512	-0.216502	0.403428	0.972529	0.851721	0.984906	-0.32934	0.735494	0.36554	0.119999	-0.0256217	0.0350109	-0.348197	0.219512	0.857283	0.988525	0.873446	0.94476	0.867056	0.988769	0.981709	0.991229	0.882929	0.325514	0.86976	0.998405	0.991121	0.996843	0.971422	0.360674	0.663394	0.6383	0.130742	-0.254644	-0.438651	
0.958682	-0.171483	-0.00840254	0.58301	0.63655	0.272093	0.204898	0.711508	0.381433	-0.0943945	0.332537	0.0265658	0.460674	0.719677	-0.129768	0.935673	0.918527	0.417707	0.474567	1	0.632521	0.917453	-0.276999	-0.328573	0.353358	0.957477	0.751341	-0.516026	-0.00162394	0.621	0.682538	0.551121	0.597577	-0.0571441	0.097824	0.618148	-0.468712	0.947883	0.117609	-0.110115	-0.750975	0.0373341	0.319824	-0.176444	0.236382	-0.961729	0.275806	0.212818	0.306207	0.61116	0.346186	0.0540509	0.990885	0.947677	0.390322	-0.396494	-0.623931	-0.462578	0.209342	-0.0851686	0.604339	0.478628	0.578765	-0.161022	-0.302619	-0.0454349	-0.943169	-0.588121	0.292393	0.855738	0.364584	-0.896669	-0.226924	-0.616413	0.928799	0.300651	-0.79863	-0.692742	-0.731272	-0.0228935	0.580961	0.84081	0.736502	0.849635	0.358986	0.511514	0.583288	0.02195	-0.641598	-0.00950787	0.517205	0.392305	0.537156	0.258785	0.989799	-0.282484	-0.37135	0.931731	-0.629289	0.58152	
0.39384	-0.825702	0.762502	0.95655	0.993659	0.909329	0.8856	0.990123	0.956611	0.698307	0.937833	0.764412	0.978446	0.992598	0.592701	0.864423	0.883789	0.957325	0.981092	0.632521	1	0.284152	0.544668	0.490088	0.915862	0.813647	-0.0320711	0.316406	0.751336	0.998573	0.995533	0.991982	0.994416	0.73047	0.823342	0.994966	0.383686	0.380999	0.837487	0.694093	-0.0182636	0.79136	0.934147	0.646793	0.899517	-0.484644	0.917843	0.867647	0.917982	0.998067	0.941053	-0.687438	0.536336	0.8184	0.937632	0.449863	0.20867	0.370393	-0.591453	0.715918	-0.16014	0.97802	0.992227	0.658972	0.537654	0.735475	-0.398529	0.222779	0.915677	0.936475	0.942436	-0.491582	0.593529	0.184739	0.307112	0.0549105	-0.147208	-0.439184	0.0315143	0.746229	0.993573	0.94719	0.989508	0.945623	0.944673	0.968991	0.997517	0.778249	0.140843	0.760805	0.988895	0.953602	0.990605	0.908874	0.531786	0.521065	0.480692	0.317355	-0.359593	-0.260976	
0.98814	0.219924	-0.387444	0.242467	0.28474	-0.123115	-0.189858	0.379096	-0.00684926	-0.457749	-0.0563801	-0.338281	0.0818094	0.394644	-0.444588	0.721796	0.690733	0.0425398	0.0965052	0.917453	0.284152	1	-0.603848	-0.645113	-0.00578834	0.786882	0.948377	-0.793142	-0.378173	0.266455	0.34245	0.18381	0.242574	-0.433088	-0.296166	0.267011	-0.775231	0.974402	-0.277318	-0.478539	-0.910163	-0.344361	-0.0736033	-0.53746	-0.156053	-0.93736	-0.112915	-0.183763	-0.0887864	0.259753	-0.0409018	0.39673	0.958634	0.750202	0.000399005	-0.708663	-0.873679	-0.750468	0.53541	-0.464234	0.807796	0.115893	0.21934	-0.532237	-0.639891	-0.419224	-0.957994	-0.832949	-0.0921355	0.599006	-0.0156493	-0.85366	-0.573652	-0.843991	0.997868	0.309668	-0.90028	-0.650857	-0.911382	-0.394605	0.224969	0.563698	0.415456	0.576396	-0.0266351	0.150327	0.221797	-0.357767	-0.860476	-0.386853	0.146526	0.010259	0.166673	-0.131193	0.959645	-0.629688	-0.703111	0.998547	-0.541735	0.846178	
-0.534808	-0.740251	0.953546	0.610839	0.508228	0.777539	0.859483	0.439812	0.748747	0.980041	0.798125	0.95312	0.700724	0.451403	0.960185	0.0666456	0.0948363	0.753662	0.69008	-0.276999	0.544668	-0.603848	1	0.995922	0.798706	-0.0131397	-0.816699	0.961217	0.952671	0.547763	0.485502	0.630749	0.595437	0.963908	0.853197	0.57436	0.935899	-0.559348	0.856617	0.976049	0.827868	0.940763	0.787925	0.98163	0.849024	0.46868	0.828413	0.769326	0.745705	0.578125	0.792661	-0.967091	-0.392112	-0.0263286	0.673319	0.987915	0.907976	0.978243	-0.974914	0.934581	-0.909988	0.693249	0.565358	0.941617	0.991677	0.965769	0.534709	0.935673	0.832677	0.237072	0.788863	0.44301	0.994192	0.92405	-0.600425	-0.472439	0.744441	0.0223401	0.853611	0.963899	0.613387	0.278833	0.424489	0.252453	0.786086	0.68106	0.589218	0.94778	0.901807	0.955921	0.661112	0.766492	0.638164	0.841744	-0.397874	0.85678	0.951342	-0.577392	0.387298	-0.924708	
-0.580784	-0.704061	0.932626	0.573855	0.452848	0.735441	0.8262	0.386214	0.70444	0.96407	0.759462	0.932904	0.653856	0.396005	0.960721	0.00970834	0.0351849	0.713499	0.643631	-0.328573	0.490088	-0.645113	0.995922	1	0.760597	-0.0758558	-0.841016	0.975791	0.939112	0.495124	0.433203	0.584075	0.547443	0.946168	0.820082	0.526099	0.938982	-0.603703	0.822696	0.959814	0.861741	0.916663	0.748519	0.9683	0.814479	0.520036	0.788702	0.731747	0.702957	0.526434	0.754454	-0.956476	-0.444103	-0.0807885	0.628622	0.989637	0.922068	0.988406	-0.955534	0.911871	-0.931085	0.641929	0.509756	0.923885	0.988852	0.947843	0.584706	0.956498	0.798154	0.173578	0.750597	0.504015	0.98975	0.944776	-0.642623	-0.508883	0.785923	0.0290493	0.883048	0.945204	0.564301	0.224983	0.368639	0.194415	0.74762	0.641479	0.537526	0.926769	0.930475	0.934881	0.613203	0.727344	0.591487	0.805698	-0.449371	0.849715	0.947847	-0.619747	0.420453	-0.933709	
0.080078	-0.799157	0.913732	0.953276	0.877342	0.908794	0.951383	0.858311	0.953916	0.8896	0.973616	0.942325	0.958626	0.88046	0.856833	0.642458	0.657791	0.987637	0.956296	0.353358	0.915862	-0.00578834	0.798706	0.760597	1	0.58702	-0.315557	0.606654	0.915568	0.908301	0.886106	0.946303	0.943752	0.89236	0.872348	0.935786	0.603295	0.0435004	0.889481	0.872623	0.339162	0.930505	0.951962	0.835905	0.962288	-0.13646	0.96951	0.857474	0.896797	0.936451	0.977233	-0.907949	0.238456	0.552581	0.875789	0.708091	0.485774	0.659087	-0.824119	0.841562	-0.516518	0.96952	0.898163	0.799637	0.767463	0.903268	-0.0680455	0.539989	0.985196	0.763054	0.988188	-0.117773	0.818163	0.514887	0.000924664	-0.305306	0.234082	-0.427033	0.374476	0.917588	0.952644	0.788534	0.863544	0.768149	0.97923	0.975408	0.925959	0.927542	0.473633	0.916355	0.956344	0.981624	0.943796	0.970918	0.231664	0.628689	0.678668	0.0280653	0.0267244	-0.529341	
0.848333	-0.393761	0.255208	0.755417	0.808613	0.509047	0.452545	0.861116	0.609538	0.172848	0.566856	0.287475	0.677106	0.874663	0.10999	0.988051	0.982678	0.639265	0.686973	0.957477	0.813647	0.786882	-0.0131397	-0.0758558	0.58702	1	0.551668	-0.277366	0.249775	0.800285	0.842865	0.745177	0.782805	0.206568	0.349021	0.797524	-0.22228	0.82939	0.369821	0.157007	-0.560963	0.300247	0.553418	0.0912317	0.482129	-0.874341	0.522277	0.443164	0.534159	0.797248	0.577874	-0.201219	0.922581	0.972464	0.598698	-0.138128	-0.39226	-0.215676	-0.0664502	0.179881	0.381564	0.701049	0.769594	0.101646	-0.0417687	0.21854	-0.835373	-0.361026	0.531145	0.965346	0.594697	-0.83302	0.0331198	-0.389913	0.799195	0.221768	-0.637221	-0.664845	-0.529264	0.240794	0.773092	0.945036	0.884727	0.953368	0.58878	0.709545	0.77326	0.282683	-0.43198	0.25491	0.722492	0.616587	0.733872	0.50389	0.919839	-0.0510384	-0.116423	0.807205	-0.544206	0.340706	
0.903677	0.490051	-0.658183	-0.0653004	-0.02542	-0.423384	-0.489521	0.0732944	-0.320866	-0.712702	-0.368301	-0.611819	-0.236399	0.0856126	-0.670337	0.471006	0.433171	-0.273784	-0.221641	0.751341	-0.0320711	0.948377	-0.816699	-0.841016	-0.315557	0.551668	1	-0.936387	-0.644967	-0.0484174	0.0320359	-0.134001	-0.0748315	-0.694881	-0.575616	-0.0492683	-0.933689	0.896863	-0.561494	-0.731012	-0.952234	-0.622957	-0.382844	-0.776366	-0.459673	-0.826152	-0.421505	-0.469373	-0.38889	-0.0581623	-0.353614	0.650137	0.825122	0.52026	-0.300154	-0.892215	-0.982299	-0.911092	0.761715	-0.718623	0.908241	-0.205065	-0.0948802	-0.769952	-0.847921	-0.683145	-0.875153	-0.948795	-0.400561	0.315456	-0.329561	-0.740109	-0.798249	-0.949451	0.940877	0.331524	-0.902268	-0.519474	-0.968636	-0.662115	-0.0937636	0.277569	0.109204	0.292098	-0.340155	-0.165127	-0.0953487	-0.632874	-0.950574	-0.657586	-0.172739	-0.304883	-0.150899	-0.437618	0.8277	-0.818545	-0.890296	0.936596	-0.475769	0.970886	
-0.736563	-0.633907	0.854787	0.389879	0.288216	0.628673	0.716984	0.209252	0.569531	0.897403	0.625677	0.837574	0.503805	0.209973	0.885522	-0.18953	-0.159694	0.559472	0.491775	-0.516026	0.316406	-0.793142	0.961217	0.975791	0.606654	-0.277366	-0.936387	1	0.85699	0.326765	0.256086	0.419624	0.372785	0.878585	0.745062	0.349087	0.969846	-0.748066	0.741096	0.901274	0.93713	0.829871	0.624002	0.924929	0.697926	0.66958	0.664235	0.644888	0.593948	0.351219	0.617221	-0.872502	-0.619106	-0.266535	0.510978	0.987667	0.980593	0.997218	-0.904564	0.862481	-0.96247	0.484139	0.353243	0.890915	0.969016	0.875221	0.735591	0.994137	0.664745	-0.0246206	0.605594	0.631603	0.95073	0.986517	-0.789414	-0.474546	0.871243	0.210454	0.95584	0.865281	0.390246	0.0260951	0.183079	-0.00115466	0.607568	0.471846	0.372507	0.841507	0.980407	0.855893	0.452712	0.580704	0.431036	0.683144	-0.622727	0.864472	0.957125	-0.77376	0.471126	-0.981437	
-0.284106	-0.855042	0.993516	0.80314	0.723894	0.903736	0.963059	0.675985	0.897485	0.989712	0.931945	0.990465	0.867292	0.678925	0.948653	0.342381	0.367901	0.903496	0.861817	-0.00162394	0.751336	-0.378173	0.952671	0.939112	0.915568	0.249775	-0.644967	0.85699	1	0.758043	0.712348	0.823354	0.795163	0.992523	0.935488	0.780001	0.855462	-0.300964	0.941925	0.986636	0.638577	0.991659	0.924543	0.974946	0.958956	0.19893	0.942394	0.890246	0.884837	0.778061	0.929937	-0.981154	-0.127823	0.263345	0.840022	0.914313	0.771716	0.884559	-0.924636	0.960298	-0.753056	0.852229	0.764703	0.94863	0.950073	0.994645	0.290737	0.805276	0.951549	0.485013	0.925706	0.190644	0.973224	0.777745	-0.365199	-0.351906	0.530113	-0.157345	0.67345	0.995434	0.80482	0.536719	0.658341	0.510959	0.926125	0.857216	0.788283	0.995805	0.756842	0.993665	0.841026	0.914363	0.828862	0.954323	-0.132432	0.851341	0.899175	-0.346766	0.149682	-0.797885	
0.380918	-0.845257	0.768491	0.951437	0.996565	0.919312	0.892202	0.991673	0.96116	0.702198	0.941025	0.763873	0.980472	0.989273	0.589427	0.857521	0.878326	0.956008	0.983434	0.621	0.998573	0.266455	0.547763	0.495124	0.908301	0.800285	-0.0484174	0.326765	0.758043	1	0.996167	0.993272	0.992843	0.73784	0.836616	0.993376	0.400467	0.373166	0.84925	0.700866	-0.0120963	0.796248	0.940774	0.655123	0.904664	-0.479637	0.920379	0.88338	0.929343	0.995645	0.943723	-0.686177	0.523257	0.817071	0.950395	0.458158	0.222086	0.378047	-0.587204	0.727818	-0.159818	0.974786	0.995312	0.672798	0.547007	0.741213	-0.386467	0.231464	0.916743	0.927268	0.942244	-0.490269	0.60099	0.19086	0.292157	0.0798866	-0.145074	-0.416663	0.03925	0.749994	0.99073	0.942062	0.987049	0.940783	0.946824	0.966517	0.998673	0.783385	0.150073	0.765949	0.989327	0.954757	0.992987	0.912308	0.519309	0.54689	0.496541	0.2996	-0.385444	-0.273072	
0.452854	-0.802151	0.717889	0.953984	0.992961	0.882777	0.854093	0.99835	0.935007	0.647578	0.913126	0.718747	0.961666	0.9967	0.545432	0.896481	0.912689	0.937144	0.966282	0.682538	0.995533	0.34245	0.485502	0.433203	0.886106	0.842865	0.0320359	0.256086	0.712348	0.996167	1	0.984584	0.989304	0.684499	0.787975	0.992091	0.324946	0.444459	0.802068	0.64397	-0.0831594	0.74816	0.91067	0.594011	0.869212	-0.543273	0.886438	0.843191	0.895751	0.991813	0.91761	-0.640707	0.588881	0.859984	0.9244	0.388686	0.143279	0.309195	-0.523472	0.668556	-0.0918975	0.957225	0.985242	0.60957	0.481638	0.689189	-0.453061	0.160465	0.887705	0.950705	0.918688	-0.54027	0.541239	0.118836	0.367272	0.0893021	-0.210748	-0.477151	-0.0344884	0.700008	0.984926	0.967002	0.99624	0.964712	0.921992	0.958556	0.990979	0.735664	0.080697	0.715389	0.976362	0.933192	0.982571	0.878532	0.585297	0.479536	0.424438	0.374821	-0.41896	-0.194168	
0.295456	-0.858395	0.827498	0.97034	0.982193	0.937677	0.929439	0.973905	0.978855	0.770464	0.969764	0.828649	0.993106	0.974725	0.67764	0.809365	0.828975	0.982614	0.995198	0.551121	0.991982	0.18381	0.630749	0.584075	0.946303	0.745177	-0.134001	0.419624	0.823354	0.993272	0.984584	1	0.997276	0.79997	0.868575	0.995605	0.474462	0.283063	0.881858	0.766263	0.0921919	0.851758	0.965273	0.722869	0.940837	-0.388349	0.951673	0.900901	0.942907	0.995661	0.972804	-0.762774	0.444602	0.758437	0.954051	0.542084	0.307815	0.470118	-0.658169	0.77899	-0.263833	0.987331	0.98643	0.728078	0.625477	0.804603	-0.295105	0.32983	0.954441	0.89063	0.973174	-0.389151	0.679287	0.290327	0.20646	-0.0190239	-0.0373233	-0.423664	0.140169	0.813927	0.996793	0.914544	0.96892	0.90673	0.975439	0.98771	0.996896	0.842343	0.252717	0.825761	0.998463	0.981596	0.999584	0.947651	0.440287	0.59564	0.565843	0.217909	-0.293764	-0.356098	
0.347978	-0.819017	0.796647	0.980252	0.980295	0.910835	0.905202	0.979327	0.963041	0.739064	0.954442	0.806833	0.983768	0.984791	0.659267	0.839866	0.855462	0.976562	0.986584	0.597577	0.994416	0.242574	0.595437	0.547443	0.943752	0.782805	-0.0748315	0.372785	0.795163	0.992843	0.989304	0.997276	1	0.766312	0.831882	0.999633	0.41869	0.330724	0.847387	0.730923	0.0479571	0.823306	0.945548	0.683596	0.919455	-0.429229	0.933216	0.866848	0.916542	0.998725	0.959044	-0.741644	0.494151	0.786128	0.930818	0.497752	0.252732	0.426797	-0.627594	0.737383	-0.227527	0.983138	0.980677	0.682406	0.582848	0.773182	-0.343257	0.284113	0.940504	0.91427	0.963445	-0.418143	0.641871	0.246042	0.262344	-0.038194	-0.0751637	-0.481504	0.0930169	0.785463	0.999239	0.936156	0.979186	0.927176	0.962885	0.989132	0.994534	0.814023	0.20746	0.795661	0.993911	0.97183	0.994888	0.928711	0.489543	0.536745	0.513064	0.276355	-0.289947	-0.302092	
-0.335181	-0.880266	0.998653	0.755105	0.709261	0.914444	0.962479	0.648703	0.892546	0.996068	0.921679	0.98398	0.855055	0.648995	0.927442	0.295797	0.328447	0.881484	0.84756	-0.0571441	0.73047	-0.433088	0.963908	0.946168	0.89236	0.206568	-0.694881	0.878585	0.992523	0.73784	0.684499	0.79997	0.766312	1	0.95581	0.74943	0.89614	-0.348141	0.959383	0.998234	0.663006	0.995105	0.920409	0.992284	0.955086	0.237298	0.940212	0.907107	0.894236	0.753365	0.91666	-0.968278	-0.179081	0.219182	0.844707	0.937645	0.81427	0.902961	-0.94814	0.985158	-0.768962	0.839586	0.755746	0.977548	0.968453	0.999313	0.329469	0.826253	0.93699	0.451562	0.907643	0.201048	0.98177	0.801304	-0.417713	-0.294178	0.548475	-0.0500968	0.702842	0.996677	0.778488	0.492065	0.628476	0.473156	0.911254	0.822628	0.770146	0.996226	0.774242	0.998331	0.822631	0.895837	0.808051	0.948662	-0.183922	0.893287	0.935558	-0.40241	0.145364	-0.84144	
-0.17098	-0.978689	0.960149	0.772048	0.829282	0.984057	0.978916	0.766512	0.949994	0.929084	0.9495	0.915852	0.916728	0.749876	0.783003	0.439953	0.482948	0.90141	0.91094	0.097824	0.823342	-0.296166	0.853197	0.820082	0.872348	0.349021	-0.575616	0.745062	0.935488	0.836616	0.787975	0.868575	0.831882	0.95581	1	0.818775	0.829305	-0.164067	0.99933	0.944791	0.468461	0.96359	0.96595	0.935278	0.970574	0.0315369	0.963395	0.988656	0.976724	0.828708	0.941603	-0.863599	-0.01634	0.392653	0.95011	0.831781	0.701465	0.769338	-0.859678	0.979256	-0.574595	0.890233	0.866458	0.963701	0.88173	0.948533	0.142802	0.669217	0.938153	0.579485	0.921183	-0.0461737	0.89227	0.63479	-0.265762	-0.00884084	0.324363	0.0188259	0.525123	0.940425	0.839426	0.605394	0.738139	0.603563	0.935764	0.846742	0.859052	0.955422	0.600317	0.956176	0.886629	0.921275	0.880015	0.962673	-0.0200561	0.90942	0.883552	-0.264301	-0.131248	-0.73724	
0.371993	-0.80907	0.780623	0.98017	0.981518	0.90167	0.894077	0.983324	0.956297	0.721177	0.946363	0.791413	0.979117	0.98846	0.642144	0.853631	0.868241	0.970687	0.982441	0.618148	0.994966	0.267011	0.57436	0.526099	0.935786	0.797524	-0.0492683	0.349087	0.780001	0.993376	0.992091	0.995605	0.999633	0.74943	0.818775	1	0.395541	0.355204	0.834533	0.712836	0.0227782	0.808136	0.937413	0.664306	0.909	-0.452122	0.923352	0.857137	0.908569	0.998543	0.95137	-0.72518	0.516205	0.801942	0.925597	0.474987	0.227547	0.403505	-0.606581	0.720023	-0.20293	0.978488	0.979861	0.663814	0.561668	0.756453	-0.366408	0.25975	0.931353	0.923169	0.95612	-0.438462	0.622078	0.221124	0.286962	-0.0272402	-0.0995967	-0.495489	0.0675235	0.769098	0.9981	0.945062	0.983607	0.936305	0.955546	0.98637	0.99371	0.798707	0.183165	0.779544	0.990921	0.965398	0.992846	0.918647	0.511744	0.518146	0.491159	0.300579	-0.306998	-0.277044	
-0.691597	-0.758106	0.873158	0.389747	0.379601	0.71839	0.764806	0.286807	0.635891	0.897418	0.669925	0.824318	0.564477	0.271781	0.810626	-0.127263	-0.0838236	0.58596	0.552062	-0.468712	0.383686	-0.775231	0.935899	0.938982	0.603295	-0.22228	-0.933689	0.969846	0.855462	0.400467	0.324946	0.474462	0.41869	0.89614	0.829305	0.395541	1	-0.684935	0.819791	0.915592	0.860631	0.850506	0.685819	0.941899	0.741384	0.580612	0.711421	0.750435	0.691191	0.405012	0.656961	-0.830274	-0.569887	-0.182974	0.618582	0.976522	0.978236	0.963641	-0.897346	0.91891	-0.878674	0.532415	0.443681	0.946642	0.968195	0.885508	0.664475	0.945888	0.688437	0.0397343	0.632532	0.493044	0.940337	0.931361	-0.757726	-0.248347	0.76513	0.344811	0.89568	0.868255	0.434643	0.0786231	0.25025	0.0663128	0.645381	0.489237	0.442472	0.854455	0.917849	0.871093	0.508335	0.615325	0.490719	0.723043	-0.573011	0.953608	0.9942	-0.753858	0.279876	-0.98543	
0.994583	0.0554067	-0.303723	0.301366	0.402177	0.00817312	-0.0849921	0.486082	0.103986	-0.390809	0.0412754	-0.283678	0.184788	0.48319	-0.433293	0.789036	0.768682	0.122457	0.200256	0.947883	0.380999	0.974402	-0.559348	-0.603703	0.0435004	0.82939	0.896863	-0.748066	-0.300964	0.373166	0.444459	0.283063	0.330724	-0.348141	-0.164067	0.355204	-0.684935	1	-0.150234	-0.398679	-0.918563	-0.260672	0.0393904	-0.45587	-0.056046	-0.988912	-0.0169358	-0.0339365	0.0495684	0.348851	0.0537303	0.361466	0.977518	0.836343	0.147389	-0.651934	-0.817309	-0.709911	0.498164	-0.353282	0.82338	0.199208	0.336271	-0.420098	-0.570135	-0.34103	-0.980453	-0.80613	-0.00931998	0.666695	0.0665694	-0.935377	-0.508746	-0.829546	0.98673	0.464143	-0.940748	-0.567303	-0.905755	-0.323742	0.309439	0.639253	0.507853	0.658259	0.0661209	0.223803	0.326625	-0.277328	-0.843765	-0.306594	0.243895	0.0996595	0.270493	-0.0363783	0.979566	-0.483679	-0.605593	0.977069	-0.70939	0.786598	
-0.153875	-0.974104	0.965025	0.791995	0.840246	0.987207	0.985407	0.779928	0.95866	0.934268	0.959553	0.925798	0.927872	0.766161	0.794994	0.458778	0.500176	0.915626	0.922255	0.117609	0.837487	-0.277318	0.856617	0.822696	0.889481	0.369821	-0.561494	0.741096	0.941925	0.84925	0.802068	0.881858	0.847387	0.959383	0.99933	0.834533	0.819791	-0.150234	1	0.947713	0.462787	0.969528	0.973299	0.936083	0.97838	0.0193073	0.972372	0.987659	0.97945	0.843976	0.952404	-0.874162	0.00244838	0.40778	0.952964	0.829834	0.691653	0.767727	-0.865253	0.977704	-0.57519	0.903968	0.87647	0.960082	0.880865	0.953396	0.127815	0.665252	0.949781	0.598286	0.934146	-0.0523067	0.894395	0.631257	-0.248404	-0.0304234	0.320239	-0.0129021	0.518377	0.946873	0.85519	0.624152	0.75391	0.62106	0.947099	0.863484	0.87155	0.961601	0.595828	0.961544	0.899574	0.933723	0.892342	0.97168	-0.00160362	0.896401	0.876105	-0.244869	-0.120871	-0.728455	
-0.384455	-0.863696	0.994654	0.720201	0.671656	0.894911	0.946602	0.606369	0.868037	0.99768	0.899665	0.979893	0.826758	0.608151	0.931286	0.244262	0.277861	0.855845	0.818203	-0.110115	0.694093	-0.478539	0.976049	0.959814	0.872623	0.157007	-0.731012	0.901274	0.986636	0.700866	0.64397	0.766263	0.730923	0.998234	0.944791	0.712836	0.915592	-0.398679	0.947713	1	0.700647	0.989045	0.898156	0.997406	0.937788	0.288964	0.92227	0.888934	0.872285	0.718084	0.893837	-0.967846	-0.230317	0.165004	0.817406	0.955034	0.84373	0.923636	-0.961774	0.984787	-0.800463	0.812365	0.721289	0.980863	0.979893	0.997353	0.376071	0.853487	0.917537	0.406003	0.88463	0.247992	0.988992	0.831369	-0.464662	-0.313967	0.5899	-0.0115452	0.739128	0.994019	0.744802	0.444458	0.586401	0.425738	0.887848	0.791384	0.735408	0.990537	0.803801	0.994747	0.79155	0.870783	0.774797	0.93079	-0.235489	0.899174	0.949799	-0.448416	0.187767	-0.869412	
-0.899977	-0.333797	0.628815	0.0940151	-0.0567888	0.320316	0.435059	-0.133726	0.254665	0.702182	0.326817	0.625894	0.182844	-0.123807	0.75186	-0.495669	-0.475857	0.260666	0.168993	-0.750975	-0.0182636	-0.910163	0.827868	0.861741	0.339162	-0.560963	-0.952234	0.93713	0.638577	-0.0120963	-0.0831594	0.0921919	0.0479571	0.663006	0.468461	0.0227782	0.860631	-0.918563	0.462787	0.700647	1	0.593841	0.317746	0.738778	0.413208	0.880585	0.374225	0.340331	0.277449	0.0233564	0.318553	-0.695929	-0.825399	-0.573181	0.179509	0.877532	0.942748	0.920321	-0.758384	0.636202	-0.976502	0.171772	0.0117431	0.682978	0.82463	0.66158	0.906948	0.968855	0.382818	-0.344427	0.312544	0.859175	0.791243	0.978562	-0.920654	-0.601288	0.98627	0.309313	0.99705	0.651766	0.0686046	-0.29715	-0.153387	-0.329061	0.308317	0.168298	0.0375235	0.611922	0.984652	0.632392	0.128916	0.279134	0.102079	0.397592	-0.828648	0.678369	0.814208	-0.901182	0.692889	-0.926348	
-0.24439	-0.891841	0.998855	0.810585	0.768783	0.939229	0.981731	0.71456	0.928814	0.989349	0.953637	0.989634	0.89927	0.71788	0.918128	0.383974	0.415089	0.922495	0.892686	0.0373341	0.79136	-0.344361	0.940763	0.916663	0.930505	0.300247	-0.622957	0.829871	0.991659	0.796248	0.74816	0.851758	0.823306	0.995105	0.96359	0.808136	0.850506	-0.260672	0.969528	0.989045	0.593841	1	0.949994	0.97661	0.977735	0.148767	0.968038	0.923859	0.921297	0.812463	0.949859	-0.966054	-0.0846535	0.305559	0.878302	0.901666	0.75564	0.860467	-0.936305	0.976949	-0.716564	0.88817	0.810514	0.961532	0.940382	0.996089	0.239508	0.771373	0.96589	0.535322	0.943554	0.117634	0.960881	0.745315	-0.329062	-0.274101	0.475947	-0.116721	0.635385	0.996272	0.834865	0.571282	0.698434	0.553663	0.945743	0.871616	0.825468	0.999243	0.713494	0.998806	0.87225	0.933563	0.858257	0.974108	-0.0899284	0.860626	0.899286	-0.312358	0.0998816	-0.787671	
0.0453555	-0.941079	0.936405	0.907963	0.927644	0.990648	0.991882	0.891868	0.997164	0.894454	0.99661	0.91886	0.987174	0.886265	0.782413	0.633573	0.664323	0.980129	0.985103	0.319824	0.934147	-0.0736033	0.787925	0.748519	0.951962	0.553418	-0.382844	0.624002	0.924543	0.940774	0.91067	0.965273	0.945548	0.920409	0.96595	0.937413	0.685819	0.0393904	0.973299	0.898156	0.317746	0.949994	1	0.870747	0.993903	-0.159592	0.994688	0.971582	0.987708	0.941528	0.994686	-0.863089	0.203881	0.577946	0.976585	0.729119	0.53882	0.66326	-0.801439	0.91521	-0.46336	0.972587	0.950632	0.881275	0.796113	0.920162	-0.0547856	0.54108	0.986725	0.75066	0.986184	-0.192973	0.83064	0.503878	-0.0484051	-0.0585513	0.179801	-0.227852	0.369643	0.921805	0.94975	0.778698	0.875887	0.770952	0.993174	0.954419	0.955616	0.942276	0.467458	0.933982	0.974307	0.988911	0.97042	0.993674	0.199668	0.778655	0.759892	-0.0396817	-0.180454	-0.581281	
