1	0.62111	0.992326	0.86988	0.994076	0.996102	0.983666	-0.882603	-0.852897	-0.519246	0.797414	-0.598112	-0.83853	-0.855089	0.213761	-0.864418	-0.903303	-0.83699	-0.887615	-0.914347	-0.892164	0.995971	0.951045	-0.517251	-0.806584	0.92701	0.977148	0.061899	-0.356058	-0.869972	-0.886526	-0.879603	-0.868099	-0.562492	0.97073	-0.852526	0.848225	0.0657828	0.990678	0.979987	0.0898223	-0.634446	-0.787363	0.00939342	-0.772346	0.972099	-0.843614	0.964432	0.673607	-0.856347	-0.807572	-0.599486	0.88128	0.162396	0.939398	0.98328	0.940557	-0.594889	0.963756	0.983641	-0.693526	0.98565	0.918255	0.949541	0.973568	-0.582369	0.952914	-0.297393	-0.806446	0.818386	-0.77449	-0.927678	0.960491	0.89371	0.995308	0.709179	0.108037	0.143703	0.890641	-0.612479	-0.835822	-0.873421	-0.85856	-0.822902	-0.596979	-0.698281	-0.348132	-0.613998	0.959146	-0.699727	-0.887305	-0.816967	-0.82939	-0.76905	0.981755	0.985231	0.957986	0.946861	0.976008	0.983907	
0.62111	1	0.56179	0.181204	0.547676	0.561717	0.478683	-0.481721	-0.616579	-0.851758	0.899254	-0.881502	-0.62646	-0.549218	-0.594262	-0.531199	-0.500044	-0.636648	-0.598825	-0.546879	-0.684763	0.674792	0.387621	-0.38787	-0.764992	0.526262	0.509783	-0.71105	-0.868951	-0.479599	-0.585917	-0.607402	-0.633369	-0.881172	0.676237	-0.661679	0.158379	0.726883	0.546377	0.466258	-0.691655	-0.85327	-0.694894	-0.642612	-0.761623	0.505122	-0.454771	0.709847	0.978714	-0.605374	-0.728149	-0.134284	0.880389	0.808699	0.809471	0.534926	0.692824	-0.895048	0.565582	0.510677	-0.144718	0.519288	0.287015	0.741669	0.748663	-0.885769	0.459881	-0.885027	-0.788762	0.367996	-0.791979	-0.729484	0.475155	0.341962	0.550896	-0.102963	-0.675686	-0.645539	0.298114	-0.890352	-0.673329	-0.702085	-0.44962	-0.538706	-0.832244	-0.782704	0.274419	-0.870644	0.558717	-0.802009	-0.607993	-0.593533	-0.4675	-0.766474	0.487444	0.5669	0.445504	0.709826	0.605169	0.59062	
0.992326	0.56179	1	0.890983	0.998561	0.997337	0.99232	-0.925975	-0.885808	-0.501418	0.726417	-0.575028	-0.8663	-0.891638	0.269884	-0.901737	-0.941225	-0.864204	-0.91838	-0.946639	-0.909433	0.982417	0.978088	-0.579544	-0.81136	0.894836	0.993517	0.137594	-0.317809	-0.912123	-0.914608	-0.906466	-0.892558	-0.538732	0.976064	-0.874485	0.899261	-0.0437305	0.999643	0.988244	0.170916	-0.621033	-0.807829	0.0272388	-0.780601	0.993416	-0.891541	0.965521	0.61289	-0.885342	-0.821049	-0.684212	0.823953	0.0582101	0.924831	0.996647	0.94959	-0.568291	0.98393	0.997443	-0.774967	0.981721	0.937473	0.947419	0.952491	-0.556596	0.982171	-0.235688	-0.806243	0.795857	-0.775455	-0.933815	0.986916	0.941574	0.99397	0.757476	0.191161	0.198088	0.938862	-0.585946	-0.855937	-0.89166	-0.904759	-0.863647	-0.588879	-0.704423	-0.453905	-0.595178	0.981321	-0.701527	-0.917438	-0.852211	-0.877885	-0.775569	0.995863	0.997212	0.985243	0.903413	0.990403	0.994874	
0.86988	0.181204	0.890983	1	0.90529	0.897399	0.936725	-0.775461	-0.658813	-0.134643	0.460039	-0.221572	-0.660011	-0.726015	0.618505	-0.751761	-0.805935	-0.645744	-0.717441	-0.792765	-0.690649	0.834511	0.937847	-0.308766	-0.545453	0.847907	0.886881	0.485479	0.0728859	-0.783215	-0.750885	-0.724806	-0.69495	-0.173985	0.789833	-0.657725	0.945633	-0.331596	0.894968	0.937772	0.513491	-0.2803	-0.556642	0.440808	-0.501053	0.898348	-0.755138	0.762908	0.265747	-0.697021	-0.563844	-0.583621	0.584461	-0.265252	0.677474	0.898192	0.752216	-0.198476	0.84995	0.905729	-0.725801	0.913145	0.949165	0.735607	0.768022	-0.203813	0.901012	0.146675	-0.536357	0.766777	-0.492516	-0.689014	0.898164	0.880751	0.908981	0.939814	0.519756	0.561426	0.909636	-0.236471	-0.633722	-0.641575	-0.782914	-0.689329	-0.245471	-0.392097	-0.581556	-0.245073	0.851327	-0.378248	-0.711671	-0.638402	-0.7275	-0.496652	0.92477	0.881757	0.913952	0.760401	0.837763	0.86021	
0.994076	0.547676	0.998561	0.90529	1	0.999361	0.996398	-0.906963	-0.860692	-0.469065	0.731691	-0.546798	-0.842314	-0.870025	0.295254	-0.881961	-0.924702	-0.839425	-0.896902	-0.930061	-0.889231	0.984189	0.978577	-0.538452	-0.786869	0.914698	0.990198	0.155259	-0.288503	-0.893393	-0.896342	-0.88659	-0.871334	-0.509649	0.965962	-0.851704	0.899426	-0.0390551	0.998475	0.993753	0.186378	-0.591664	-0.780438	0.0687674	-0.753523	0.988819	-0.869844	0.954161	0.601116	-0.863255	-0.79552	-0.65535	0.826636	0.056985	0.913127	0.995623	0.935632	-0.539956	0.974084	0.996516	-0.753847	0.98975	0.946761	0.935509	0.953853	-0.529334	0.975718	-0.21356	-0.783154	0.817259	-0.750013	-0.91663	0.980799	0.931384	0.998243	0.770973	0.2049	0.225769	0.932439	-0.559217	-0.832199	-0.868397	-0.885449	-0.8392	-0.557205	-0.673715	-0.435288	-0.566611	0.971222	-0.670883	-0.895837	-0.825687	-0.854699	-0.748796	0.996056	0.992926	0.980713	0.915232	0.981703	0.988593	
0.996102	0.561717	0.997337	0.897399	0.999361	1	0.994488	-0.8974	-0.852705	-0.467232	0.750436	-0.545983	-0.831477	-0.85765	0.28635	-0.869231	-0.914486	-0.829405	-0.889103	-0.921106	-0.882242	0.988253	0.973915	-0.529863	-0.780321	0.924767	0.989008	0.142545	-0.291551	-0.880522	-0.885432	-0.876317	-0.861418	-0.509265	0.964104	-0.842289	0.888525	-0.012968	0.997391	0.992772	0.171393	-0.588698	-0.770721	0.0651616	-0.746321	0.984031	-0.856603	0.953001	0.611907	-0.852148	-0.787455	-0.640594	0.839101	0.0807667	0.915177	0.993519	0.930925	-0.541279	0.968566	0.994698	-0.737038	0.992394	0.946183	0.933568	0.960254	-0.528668	0.968442	-0.222182	-0.777376	0.832169	-0.743958	-0.91553	0.974703	0.921521	0.998897	0.761108	0.19016	0.217337	0.922316	-0.559051	-0.82251	-0.862964	-0.872046	-0.825817	-0.552864	-0.667112	-0.406694	-0.564921	0.96491	-0.665822	-0.888271	-0.814576	-0.841262	-0.741639	0.992717	0.989639	0.974348	0.926999	0.979097	0.985911	
0.983666	0.478683	0.99232	0.936725	0.996398	0.994488	1	-0.895857	-0.833369	-0.40272	0.686362	-0.483203	-0.815494	-0.852198	0.370084	-0.867289	-0.914753	-0.81082	-0.874321	-0.91624	-0.860536	0.968857	0.98743	-0.506036	-0.745436	0.916681	0.986244	0.230677	-0.214319	-0.883595	-0.87823	-0.865169	-0.846404	-0.444037	0.944704	-0.822759	0.924909	-0.102979	0.993449	0.998785	0.261234	-0.532019	-0.743707	0.147279	-0.709877	0.986138	-0.859233	0.928781	0.537695	-0.840106	-0.757261	-0.656748	0.786981	-0.012578	0.877274	0.992317	0.911019	-0.473907	0.96319	0.994626	-0.764295	0.990697	0.965391	0.907236	0.931202	-0.465415	0.975781	-0.137354	-0.740465	0.826367	-0.704539	-0.884673	0.979535	0.937379	0.995558	0.819029	0.278009	0.30321	0.944364	-0.496005	-0.801163	-0.834965	-0.877427	-0.819718	-0.497159	-0.623116	-0.472049	-0.504721	0.961035	-0.617957	-0.872412	-0.799177	-0.841789	-0.704776	0.997123	0.985219	0.982731	0.897598	0.96778	0.977308	
-0.882603	-0.481721	-0.925975	-0.775461	-0.906963	-0.8974	-0.895857	1	0.978182	0.597682	-0.523527	0.636629	0.953006	0.976424	-0.194908	0.978365	0.995249	0.954335	0.987555	0.99228	0.955398	-0.861765	-0.924111	0.818968	0.873163	-0.666969	-0.939379	-0.140089	0.388215	0.988298	0.9697	0.968374	0.958953	0.608444	-0.948022	0.94671	-0.890606	0.22842	-0.926053	-0.882957	-0.189692	0.698349	0.906851	0.154666	0.863516	-0.955349	0.990279	-0.937282	-0.531278	0.962564	0.900028	0.885161	-0.65145	0.0966627	-0.879147	-0.926833	-0.949236	0.626424	-0.972373	-0.929311	0.927231	-0.845532	-0.832562	-0.921158	-0.821135	0.612884	-0.967257	0.243338	0.855257	-0.573651	0.839993	0.944914	-0.965316	-0.973525	-0.880686	-0.691398	-0.218655	-0.120946	-0.953477	0.634368	0.931759	0.954172	0.989892	0.970589	0.687951	0.809542	0.666111	0.664442	-0.973937	0.799616	0.986169	0.963667	0.988308	0.85529	-0.925986	-0.945031	-0.957963	-0.697681	-0.960136	-0.950924	
-0.852897	-0.616579	-0.885808	-0.658813	-0.860692	-0.852705	-0.833369	0.978182	1	0.748256	-0.58511	0.776661	0.985106	0.984325	0.0118495	0.978669	0.974489	0.989104	0.996514	0.98057	0.985371	-0.842841	-0.846615	0.85443	0.945452	-0.60511	-0.888811	0.0615391	0.567186	0.973492	0.97805	0.984227	0.984528	0.754967	-0.949294	0.983229	-0.779535	0.0774285	-0.881798	-0.815033	0.00915666	0.826516	0.967752	0.348836	0.942971	-0.908763	0.975948	-0.949365	-0.659281	0.98467	0.963489	0.835861	-0.702668	-0.0653764	-0.919447	-0.879275	-0.965769	0.769075	-0.948747	-0.876822	0.858872	-0.785172	-0.726551	-0.945587	-0.820378	0.756129	-0.916656	0.429578	0.931918	-0.481187	0.925201	0.97206	-0.91606	-0.906918	-0.83229	-0.530941	-0.0211785	0.087709	-0.873213	0.772932	0.975965	0.992004	0.970198	0.984372	0.819718	0.91002	0.567926	0.799395	-0.949829	0.904014	0.997092	0.992476	0.98102	0.936754	-0.87014	-0.911708	-0.900995	-0.684894	-0.939192	-0.925243	
-0.519246	-0.851758	-0.501418	-0.134643	-0.469065	-0.467232	-0.40272	0.597682	0.748256	1	-0.618704	0.993938	0.79197	0.71427	0.655829	0.689066	0.611231	0.799493	0.712074	0.645011	0.784326	-0.542603	-0.349859	0.633803	0.89843	-0.255568	-0.458041	0.691808	0.965827	0.634164	0.71892	0.743754	0.774214	0.99665	-0.672875	0.806593	-0.195804	-0.43906	-0.483837	-0.369989	0.645406	0.988824	0.869553	0.81263	0.914324	-0.49277	0.62793	-0.707328	-0.884435	0.762254	0.878158	0.370481	-0.679904	-0.573732	-0.778482	-0.469321	-0.735685	0.991973	-0.592462	-0.451701	0.348486	-0.373778	-0.177571	-0.750132	-0.579217	0.992933	-0.485566	0.903186	0.906402	-0.0381093	0.925356	0.757002	-0.488033	-0.412647	-0.44705	0.119077	0.6247	0.711359	-0.35053	0.989848	0.827968	0.801623	0.613384	0.728613	0.991711	0.952283	0.0767593	0.99259	-0.592241	0.959111	0.718045	0.776224	0.652814	0.918635	-0.445072	-0.541988	-0.455395	-0.463386	-0.588471	-0.572095	
0.797414	0.899254	0.726417	0.460039	0.731691	0.750436	0.686362	-0.523527	-0.58511	-0.618704	1	-0.688526	-0.576864	-0.533492	-0.255807	-0.52988	-0.549623	-0.584219	-0.601952	-0.590402	-0.668331	0.839804	0.586245	-0.248099	-0.675869	0.81594	0.680331	-0.438401	-0.603536	-0.502245	-0.589072	-0.597887	-0.607331	-0.673248	0.756913	-0.616567	0.366146	0.649146	0.717579	0.686382	-0.436131	-0.668314	-0.594652	-0.276877	-0.646896	0.651085	-0.463617	0.776079	0.900462	-0.575534	-0.639605	-0.128369	0.978532	0.706246	0.84644	0.700383	0.726673	-0.70729	0.664866	0.688327	-0.18678	0.751077	0.564064	0.784305	0.887001	-0.689085	0.59512	-0.649214	-0.699803	0.702178	-0.67963	-0.752865	0.615514	0.468808	0.751673	0.202166	-0.423905	-0.30521	0.45116	-0.70905	-0.613352	-0.668976	-0.473754	-0.49864	-0.624099	-0.62173	0.263855	-0.681128	0.653144	-0.643865	-0.608198	-0.536163	-0.459384	-0.650378	0.669688	0.705735	0.600064	0.922273	0.71359	0.716939	
-0.598112	-0.881502	-0.575028	-0.221572	-0.546798	-0.545983	-0.483203	0.636629	0.776661	0.993938	-0.688526	1	0.82145	0.748215	0.603544	0.726181	0.655886	0.827414	0.748442	0.69049	0.823501	-0.621397	-0.422422	0.611832	0.925303	-0.354338	-0.527498	0.66267	0.951066	0.67319	0.760065	0.781981	0.809741	0.998163	-0.731867	0.838705	-0.259859	-0.453122	-0.557577	-0.452137	0.617202	0.995794	0.890274	0.752825	0.934511	-0.560215	0.660935	-0.764654	-0.919833	0.795829	0.903078	0.3726	-0.752318	-0.586871	-0.833719	-0.542747	-0.78732	0.997099	-0.652025	-0.525088	0.369108	-0.460094	-0.259663	-0.805483	-0.656065	0.99889	-0.548809	0.894921	0.935173	-0.129872	0.948425	0.802455	-0.552314	-0.465624	-0.528965	0.0462225	0.597702	0.662713	-0.408501	0.999302	0.857854	0.834604	0.650627	0.756092	0.992441	0.96136	0.0754359	0.998812	-0.651154	0.968539	0.754169	0.799645	0.681872	0.939115	-0.519931	-0.611078	-0.521651	-0.552863	-0.650774	-0.638279	
-0.83853	-0.62646	-0.8663	-0.660011	-0.842314	-0.831477	-0.815494	0.953006	0.985106	0.79197	-0.576864	0.82145	1	0.992901	0.0615738	0.98774	0.963734	0.999228	0.983204	0.971437	0.991826	-0.826019	-0.814785	0.792955	0.974241	-0.578753	-0.853283	0.118098	0.616434	0.974253	0.99119	0.995453	0.998178	0.798131	-0.939397	0.998541	-0.747539	0.0540332	-0.858707	-0.79136	0.0599905	0.867704	0.989757	0.362395	0.970435	-0.889379	0.96926	-0.943123	-0.690144	0.998677	0.986415	0.773735	-0.710876	-0.0940833	-0.92076	-0.855717	-0.970214	0.80502	-0.937409	-0.849808	0.815167	-0.75872	-0.679287	-0.951171	-0.802755	0.804693	-0.900133	0.483875	0.964343	-0.40439	0.958345	0.956568	-0.896389	-0.874918	-0.815417	-0.497779	0.0350216	0.137543	-0.841767	0.819145	0.99728	0.986187	0.967324	0.993097	0.861521	0.9388	0.566074	0.841606	-0.940594	0.930109	0.983425	0.995456	0.974808	0.967214	-0.852692	-0.899002	-0.88125	-0.669131	-0.918695	-0.910459	
-0.855089	-0.549218	-0.891638	-0.726015	-0.870025	-0.85765	-0.852198	0.976424	0.984325	0.71427	-0.533492	0.748215	0.992901	1	-0.0550813	0.998969	0.985615	0.990537	0.988407	0.987615	0.983821	-0.836281	-0.863069	0.789512	0.941739	-0.606199	-0.885446	0.000166662	0.519704	0.993945	0.996414	0.996512	0.993776	0.721396	-0.943212	0.988045	-0.817362	0.153287	-0.886307	-0.830814	-0.0581164	0.802667	0.966534	0.26069	0.9351	-0.921032	0.989742	-0.940462	-0.615203	0.996964	0.960385	0.818306	-0.675772	0.00959028	-0.900534	-0.886536	-0.967383	0.729355	-0.95703	-0.882673	0.869765	-0.791727	-0.73949	-0.941824	-0.802971	0.729351	-0.935373	0.377875	0.928744	-0.448599	0.918603	0.947226	-0.930251	-0.921907	-0.842916	-0.590741	-0.0827862	0.0206527	-0.895892	0.745877	0.982441	0.97421	0.990227	0.998068	0.795887	0.892226	0.63953	0.77193	-0.961041	0.88039	0.987579	0.991396	0.991827	0.930466	-0.887176	-0.921886	-0.919102	-0.669382	-0.93595	-0.929078	
0.213761	-0.594262	0.269884	0.618505	0.295254	0.28635	0.370084	-0.194908	0.0118495	0.655829	-0.255807	0.603544	0.0615738	-0.0550813	1	-0.0898615	-0.19065	0.0756038	-0.0492725	-0.146701	0.0529962	0.160266	0.446367	0.0872477	0.260169	0.335599	0.321098	0.973831	0.81668	-0.163275	-0.04981	-0.0139526	0.0324306	0.640045	0.0739408	0.0854996	0.606604	-0.745133	0.288917	0.393691	0.966734	0.541159	0.202651	0.89653	0.295768	0.305572	-0.16507	0.0250368	-0.566859	0.0136176	0.217253	-0.321733	-0.192569	-0.782528	-0.115036	0.304931	0.00564549	0.620076	0.201087	0.328191	-0.413073	0.35234	0.567631	-0.0362417	0.0703103	0.623335	0.32726	0.865544	0.284512	0.469929	0.324949	0.046874	0.320157	0.406331	0.301266	0.821145	0.962671	0.991944	0.467352	0.596792	0.120921	0.0910771	-0.187154	-0.0285185	0.558168	0.40115	-0.540313	0.579353	0.204047	0.420255	-0.0393572	0.0471295	-0.1274	0.305836	0.343755	0.241142	0.35534	0.109542	0.186435	0.206311	
-0.864418	-0.531199	-0.901737	-0.751761	-0.881961	-0.869231	-0.867289	0.978365	0.978669	0.689066	-0.52988	0.726181	0.98774	0.998969	-0.0898615	1	0.989082	0.984364	0.985598	0.989954	0.979879	-0.844657	-0.878718	0.770951	0.93081	-0.625047	-0.895031	-0.0309551	0.491599	0.996496	0.996927	0.995139	0.99061	0.69833	-0.945495	0.982886	-0.836868	0.172909	-0.89675	-0.847008	-0.0893444	0.782167	0.956658	0.220765	0.922624	-0.931535	0.990214	-0.940394	-0.59941	0.993903	0.950704	0.816429	-0.674106	0.0324533	-0.896675	-0.898769	-0.967556	0.705911	-0.96256	-0.894382	0.876325	-0.807267	-0.759585	-0.941171	-0.809934	0.707796	-0.945869	0.349605	0.91828	-0.468129	0.906052	0.942739	-0.940242	-0.932225	-0.856027	-0.618921	-0.11294	-0.0156147	-0.909829	0.724396	0.975884	0.967184	0.992879	0.99523	0.774494	0.875614	0.651018	0.750879	-0.967012	0.862434	0.984625	0.985214	0.991355	0.917874	-0.900034	-0.930689	-0.930578	-0.67889	-0.941216	-0.935586	
-0.903303	-0.500044	-0.941225	-0.805935	-0.924702	-0.914486	-0.914753	0.995249	0.974489	0.611231	-0.549623	0.655886	0.963734	0.985615	-0.19065	0.989082	1	0.962032	0.987928	0.998433	0.967157	-0.882169	-0.93234	0.771389	0.890812	-0.693504	-0.944868	-0.122313	0.40292	0.995666	0.984492	0.98101	0.971748	0.625011	-0.960917	0.958997	-0.894066	0.204051	-0.939593	-0.900136	-0.173757	0.715382	0.917803	0.135097	0.877571	-0.967311	0.99154	-0.951622	-0.559432	0.974542	0.913474	0.846266	-0.684255	0.071748	-0.897351	-0.940334	-0.965728	0.641036	-0.984474	-0.940713	0.905013	-0.864113	-0.838241	-0.940368	-0.841783	0.63406	-0.97815	0.265303	0.87579	-0.574241	0.858539	0.949397	-0.975294	-0.971957	-0.901317	-0.699248	-0.199316	-0.114769	-0.9545	0.655909	0.946174	0.957479	0.994574	0.977002	0.702546	0.819849	0.654274	0.681962	-0.986753	0.809036	0.986348	0.965561	0.987685	0.870987	-0.942204	-0.961176	-0.968668	-0.725511	-0.96987	-0.964782	
-0.83699	-0.636648	-0.864204	-0.645744	-0.839425	-0.829405	-0.81082	0.954335	0.989104	0.799493	-0.584219	0.827414	0.999228	0.990537	0.0756038	0.984364	0.962032	1	0.985561	0.970424	0.992233	-0.825633	-0.81089	0.80953	0.975445	-0.576262	-0.853483	0.130195	0.626558	0.970975	0.987966	0.993631	0.996972	0.805461	-0.940552	0.998287	-0.740103	0.0418434	-0.85697	-0.787106	0.0734252	0.872971	0.990833	0.381509	0.972718	-0.886192	0.967422	-0.944613	-0.697632	0.99688	0.987766	0.780254	-0.713871	-0.106637	-0.923878	-0.852871	-0.969637	0.813727	-0.93536	-0.847811	0.814823	-0.755965	-0.676384	-0.951539	-0.803526	0.810308	-0.896022	0.494247	0.96523	-0.409103	0.960007	0.961944	-0.893205	-0.872209	-0.812108	-0.486016	0.0470789	0.150602	-0.837262	0.824691	0.996565	0.990228	0.964313	0.991278	0.866866	0.943391	0.554398	0.847682	-0.937837	0.935918	0.986017	0.99716	0.974102	0.969133	-0.84863	-0.896156	-0.877343	-0.669975	-0.918473	-0.909086	
-0.887615	-0.598825	-0.91838	-0.717441	-0.896902	-0.889103	-0.874321	0.987555	0.996514	0.712074	-0.601952	0.748442	0.983204	0.988407	-0.0492725	0.985598	0.987928	0.985561	1	0.992805	0.988016	-0.874679	-0.884407	0.821696	0.936943	-0.657233	-0.920068	0.0137849	0.523256	0.983937	0.986085	0.989311	0.986711	0.723003	-0.966733	0.981785	-0.820227	0.0943313	-0.915019	-0.857285	-0.0368908	0.7999	0.956637	0.279882	0.929189	-0.938624	0.982953	-0.964764	-0.64837	0.98658	0.954341	0.830797	-0.723135	-0.0454642	-0.929528	-0.911666	-0.977188	0.739672	-0.971083	-0.910831	0.866563	-0.828408	-0.775635	-0.958174	-0.846602	0.727425	-0.945379	0.390764	0.923661	-0.532768	0.912594	0.977361	-0.945032	-0.932163	-0.87157	-0.58945	-0.0656534	0.0278151	-0.903525	0.74713	0.972797	0.989054	0.98048	0.984011	0.788936	0.886939	0.577692	0.771391	-0.97177	0.88079	0.999872	0.986915	0.984285	0.923161	-0.906706	-0.94086	-0.932661	-0.723742	-0.961423	-0.951575	
-0.914347	-0.546879	-0.946639	-0.792765	-0.930061	-0.921106	-0.91624	0.99228	0.98057	0.645011	-0.590402	0.69049	0.971437	0.987615	-0.146701	0.989954	0.998433	0.970424	0.992805	1	0.97863	-0.897102	-0.92661	0.767705	0.910178	-0.706544	-0.946401	-0.0721462	0.445122	0.992937	0.989313	0.987241	0.979899	0.660638	-0.972867	0.969322	-0.87466	0.149415	-0.944061	-0.901237	-0.122945	0.746045	0.931306	0.169522	0.896928	-0.967794	0.986898	-0.965939	-0.604656	0.980636	0.929532	0.824293	-0.719671	0.0163367	-0.919998	-0.943702	-0.978303	0.677112	-0.988112	-0.942725	0.882456	-0.870025	-0.829887	-0.957244	-0.862345	0.66984	-0.975275	0.31381	0.897369	-0.580145	0.880665	0.964596	-0.973531	-0.961021	-0.90795	-0.670404	-0.148519	-0.0705622	-0.941549	0.691259	0.957626	0.970039	0.989835	0.978312	0.731989	0.842233	0.613445	0.715047	-0.989789	0.833067	0.991836	0.970827	0.984052	0.89095	-0.943032	-0.966117	-0.965382	-0.748942	-0.976329	-0.971016	
-0.892164	-0.684763	-0.909433	-0.690649	-0.889231	-0.882242	-0.860536	0.955398	0.985371	0.784326	-0.668331	0.823501	0.991826	0.983821	0.0529962	0.979879	0.967157	0.992233	0.988016	0.97863	1	-0.886105	-0.84934	0.762454	0.974513	-0.665327	-0.894238	0.132034	0.616459	0.966913	0.990045	0.994123	0.996062	0.798953	-0.972124	0.995692	-0.760236	-0.0204882	-0.902292	-0.840357	0.0795509	0.86512	0.979419	0.337908	0.965718	-0.920395	0.957521	-0.976155	-0.739913	0.992272	0.982499	0.741306	-0.786693	-0.161289	-0.960719	-0.898268	-0.991556	0.81164	-0.961122	-0.891793	0.789512	-0.819456	-0.728601	-0.981218	-0.869953	0.807337	-0.921923	0.500302	0.968044	-0.500706	0.957997	0.983508	-0.921676	-0.884497	-0.86781	-0.515179	0.0546485	0.130196	-0.854024	0.824542	0.991986	0.995114	0.957502	0.977767	0.85229	0.929257	0.493125	0.841912	-0.962219	0.92417	0.988936	0.983385	0.960367	0.962545	-0.89072	-0.934171	-0.906778	-0.754013	-0.952404	-0.945113	
0.995971	0.674792	0.982417	0.834511	0.984189	0.988253	0.968857	-0.861765	-0.842841	-0.542603	0.839804	-0.621397	-0.826019	-0.836281	0.160266	-0.844657	-0.882169	-0.825633	-0.874679	-0.897102	-0.886105	1	0.929959	-0.501099	-0.80759	0.933603	0.963695	0.00408775	-0.395273	-0.845714	-0.870965	-0.865714	-0.856369	-0.588445	0.966845	-0.843628	0.809566	0.136369	0.979824	0.966631	0.030689	-0.652159	-0.782746	-0.027833	-0.774681	0.956418	-0.817205	0.962344	0.71543	-0.841863	-0.805771	-0.560156	0.910051	0.228247	0.948344	0.974467	0.936648	-0.620213	0.949193	0.970835	-0.65354	0.979468	0.89522	0.950615	0.989968	-0.607904	0.931816	-0.344748	-0.81097	0.825247	-0.780025	-0.928005	0.940777	0.86442	0.9872	0.659964	0.0488036	0.0921935	0.860202	-0.635977	-0.827413	-0.870149	-0.831953	-0.80354	-0.614373	-0.705954	-0.282437	-0.635556	0.944326	-0.7088	-0.87568	-0.802712	-0.804854	-0.771717	0.965127	0.97352	0.936164	0.96335	0.967909	0.973025	
0.951045	0.387621	0.978088	0.937847	0.978577	0.973915	0.98743	-0.924111	-0.846615	-0.349859	0.586245	-0.422422	-0.814785	-0.863069	0.446367	-0.878718	-0.93234	-0.81089	-0.884407	-0.92661	-0.84934	0.929959	1	-0.574398	-0.715609	0.864141	0.986993	0.334104	-0.141321	-0.90321	-0.877643	-0.863827	-0.841786	-0.383673	0.924267	-0.815016	0.967835	-0.235015	0.981883	0.987643	0.36761	-0.482004	-0.733414	0.177226	-0.684727	0.987195	-0.888139	0.902713	0.438467	-0.840782	-0.73855	-0.750027	0.694932	-0.143333	0.831816	0.985362	0.890538	-0.412115	0.960344	0.989789	-0.845894	0.966815	0.976505	0.874023	0.883697	-0.400812	0.985358	-0.039566	-0.703873	0.803268	-0.669634	-0.867155	0.986799	0.973849	0.9711	0.866011	0.387601	0.379646	0.981446	-0.43083	-0.790021	-0.828688	-0.903038	-0.835778	-0.453465	-0.596632	-0.579629	-0.448865	0.959747	-0.587634	-0.881769	-0.810717	-0.871201	-0.676954	0.990179	0.973565	0.991314	0.827713	0.960713	0.965115	
-0.517251	-0.38787	-0.579544	-0.308766	-0.538452	-0.529863	-0.506036	0.818968	0.85443	0.633803	-0.248099	0.611832	0.792955	0.789512	0.0872477	0.770951	0.771389	0.80953	0.821696	0.767705	0.762454	-0.501099	-0.574398	1	0.733754	-0.214148	-0.627567	0.0312645	0.472765	0.777188	0.745219	0.764421	0.769752	0.608192	-0.675651	0.776573	-0.562533	0.226528	-0.582155	-0.488819	-0.0117072	0.665088	0.791717	0.507849	0.756781	-0.628403	0.818371	-0.676828	-0.391479	0.779531	0.767944	0.907826	-0.337352	0.0900325	-0.634858	-0.574769	-0.695737	0.621986	-0.685208	-0.585747	0.823415	-0.442755	-0.454834	-0.657424	-0.47145	0.583707	-0.653321	0.307331	0.70351	-0.203652	0.717326	0.756318	-0.653173	-0.715871	-0.4918	-0.310782	-0.0533368	0.148883	-0.663351	0.593772	0.769496	0.81001	0.789241	0.814786	0.680707	0.761295	0.59773	0.637067	-0.684394	0.759352	0.821802	0.843354	0.834078	0.745139	-0.563817	-0.612263	-0.633911	-0.301469	-0.671989	-0.640319	
-0.806584	-0.764992	-0.81136	-0.545453	-0.786869	-0.780321	-0.745436	0.873163	0.945452	0.89843	-0.675869	0.925303	0.974241	0.941739	0.260169	0.93081	0.890812	0.975445	0.936943	0.910178	0.974513	-0.80759	-0.715609	0.733754	1	-0.553719	-0.781782	0.331557	0.766534	0.901875	0.949001	0.959308	0.971142	0.907435	-0.91403	0.981555	-0.603216	-0.159624	-0.79956	-0.71816	0.277569	0.952713	0.991617	0.505392	0.997701	-0.816282	0.891024	-0.929448	-0.82458	0.964877	0.996971	0.635354	-0.787418	-0.307041	-0.942797	-0.790384	-0.952173	0.913638	-0.88054	-0.780247	0.667792	-0.703148	-0.569772	-0.949883	-0.805043	0.914033	-0.816417	0.665018	0.998497	-0.349112	0.997406	0.947158	-0.816171	-0.761424	-0.764915	-0.327647	0.254571	0.334099	-0.719422	0.925469	0.987819	0.972438	0.8875	0.941875	0.944057	0.983312	0.382824	0.937148	-0.881617	0.981439	0.939141	0.959274	0.900779	0.997835	-0.781039	-0.844303	-0.795213	-0.687467	-0.869274	-0.861487	
0.92701	0.526262	0.894836	0.847907	0.914698	0.924767	0.916681	-0.666969	-0.60511	-0.255568	0.81594	-0.354338	-0.578753	-0.606199	0.335599	-0.625047	-0.693504	-0.576262	-0.657233	-0.706544	-0.665327	0.933603	0.864141	-0.214148	-0.553719	1	0.874918	0.144321	-0.14024	-0.637799	-0.657715	-0.643886	-0.625461	-0.319249	0.817251	-0.603026	0.748861	0.158848	0.896277	0.927816	0.149172	-0.375435	-0.513522	0.252923	-0.50671	0.848089	-0.596739	0.80382	0.562444	-0.605977	-0.547133	-0.345664	0.849077	0.199586	0.786552	0.891774	0.75468	-0.358648	0.802343	0.891291	-0.46898	0.959949	0.901375	0.781988	0.923688	-0.345779	0.810364	-0.142548	-0.563999	0.943539	-0.520026	-0.738965	0.823295	0.731914	0.935987	0.703051	0.157813	0.288015	0.75191	-0.377068	-0.578784	-0.63853	-0.623323	-0.557233	-0.32463	-0.419802	-0.11786	-0.365285	0.794577	-0.425589	-0.657627	-0.547093	-0.57485	-0.504414	0.886908	0.862858	0.829254	0.970031	0.834276	0.851085	
0.977148	0.509783	0.993517	0.886881	0.990198	0.989008	0.986244	-0.939379	-0.888811	-0.458041	0.680331	-0.527498	-0.853283	-0.885446	0.321098	-0.895031	-0.944868	-0.853483	-0.920068	-0.946401	-0.894238	0.963695	0.986993	-0.627567	-0.781782	0.874918	1	0.202721	-0.263443	-0.91279	-0.901433	-0.893991	-0.877945	-0.491552	0.963292	-0.857934	0.92289	-0.109	0.995802	0.984309	0.233771	-0.578947	-0.787817	0.0459188	-0.752787	0.992614	-0.899687	0.949881	0.553056	-0.873076	-0.797305	-0.742485	0.775785	-0.00761264	0.897993	0.992314	0.930708	-0.524508	0.979543	0.997419	-0.817989	0.973459	0.954041	0.923372	0.927168	-0.505374	0.984467	-0.171406	-0.77165	0.808008	-0.741475	-0.924919	0.989746	0.961534	0.98243	0.78777	0.257479	0.249165	0.958086	-0.536403	-0.836266	-0.883323	-0.909673	-0.859649	-0.548596	-0.675487	-0.497689	-0.550038	0.976216	-0.673001	-0.918562	-0.848867	-0.885523	-0.745716	0.992232	0.989136	0.988959	0.872825	0.986597	0.988104	
0.061899	-0.71105	0.137594	0.485479	0.155259	0.142545	0.230677	-0.140089	0.0615391	0.691808	-0.438401	0.66267	0.118098	0.000166662	0.973831	-0.0309551	-0.122313	0.130195	0.0137849	-0.0721462	0.132034	0.00408775	0.334104	0.0312645	0.331557	0.144321	0.202721	1	0.850341	-0.106133	0.0229047	0.0556981	0.10034	0.692005	-0.0416615	0.150574	0.529289	-0.856299	0.157862	0.252535	0.996669	0.595099	0.252222	0.838305	0.3542	0.192898	-0.121623	-0.0921297	-0.695057	0.0750001	0.27867	-0.362128	-0.372509	-0.893571	-0.241595	0.178301	-0.0974955	0.680018	0.0968923	0.20215	-0.422403	0.196103	0.440147	-0.153508	-0.0883843	0.683792	0.226925	0.923775	0.36237	0.303875	0.393386	0.142736	0.216074	0.337608	0.15129	0.73759	0.995155	0.972936	0.393043	0.66372	0.184478	0.159924	-0.136267	0.013857	0.598291	0.443965	-0.610348	0.635625	0.10236	0.467007	0.0238427	0.0881146	-0.0901947	0.366094	0.215639	0.117759	0.24968	-0.0814472	0.074144	0.0858013	
-0.356058	-0.868951	-0.317809	0.0728859	-0.288503	-0.291551	-0.214319	0.388215	0.567186	0.965827	-0.603536	0.951066	0.616434	0.519704	0.81668	0.491599	0.40292	0.626558	0.523256	0.445122	0.616459	-0.395273	-0.141321	0.472765	0.766534	-0.14024	-0.263443	0.850341	1	0.424521	0.531618	0.560895	0.598203	0.965304	-0.505662	0.639321	0.0402102	-0.615679	-0.298017	-0.184079	0.814578	0.924246	0.720172	0.880014	0.787637	-0.292971	0.412951	-0.545877	-0.885722	0.579969	0.735583	0.144437	-0.622844	-0.723692	-0.64972	-0.283512	-0.570426	0.955907	-0.396605	-0.260147	0.110885	-0.206686	0.0215552	-0.599793	-0.457843	0.959302	-0.27517	0.977071	0.78442	0.0711124	0.808679	0.601284	-0.280411	-0.183786	-0.273965	0.345142	0.798981	0.85198	-0.12088	0.947665	0.665143	0.639291	0.398665	0.534702	0.928467	0.847607	-0.158076	0.942372	-0.395123	0.859124	0.53172	0.596086	0.444358	0.794499	-0.249506	-0.353825	-0.244926	-0.367121	-0.402942	-0.385697	
-0.869972	-0.479599	-0.912123	-0.783215	-0.893393	-0.880522	-0.883595	0.988298	0.973492	0.634164	-0.502245	0.67319	0.974253	0.993945	-0.163275	0.996496	0.995666	0.970975	0.983937	0.992937	0.966913	-0.845714	-0.90321	0.777188	0.901875	-0.637799	-0.91279	-0.106133	0.424521	1	0.989541	0.986121	0.978352	0.643045	-0.941936	0.96699	-0.874679	0.231	-0.909195	-0.865346	-0.162288	0.733825	0.932752	0.16271	0.891597	-0.944642	0.996598	-0.933773	-0.547052	0.983355	0.925208	0.848259	-0.648266	0.0930734	-0.879	-0.910671	-0.957123	0.653886	-0.968694	-0.909951	0.906754	-0.822721	-0.795593	-0.927578	-0.802887	0.652129	-0.960834	0.279055	0.886133	-0.500399	0.871737	0.933763	-0.955395	-0.956993	-0.867178	-0.673526	-0.186782	-0.0878829	-0.937527	0.671539	0.95718	0.954566	0.999144	0.989132	0.725091	0.838022	0.688527	0.699439	-0.972654	0.82471	0.982074	0.975405	0.994779	0.88572	-0.915335	-0.938333	-0.948121	-0.675759	-0.946982	-0.942083	
-0.886526	-0.585917	-0.914608	-0.750885	-0.896342	-0.885432	-0.87823	0.9697	0.97805	0.71892	-0.589072	0.760065	0.99119	0.996414	-0.04981	0.996927	0.984492	0.987966	0.986085	0.989313	0.990045	-0.870965	-0.877643	0.745219	0.949001	-0.657715	-0.901433	0.0229047	0.531618	0.989541	1	0.99899	0.99616	0.732217	-0.96163	0.990173	-0.818239	0.101051	-0.908457	-0.857766	-0.0336505	0.810609	0.965073	0.241098	0.938664	-0.936208	0.979116	-0.959352	-0.655054	0.996501	0.963537	0.77553	-0.726965	-0.0386905	-0.92578	-0.908363	-0.982603	0.741214	-0.968934	-0.902779	0.839596	-0.82529	-0.759603	-0.962955	-0.841859	0.743317	-0.945468	0.401812	0.939803	-0.489721	0.926776	0.958557	-0.941437	-0.91873	-0.873622	-0.595789	-0.0562812	0.0249995	-0.895578	0.760378	0.984435	0.9763	0.982963	0.990027	0.799623	0.892588	0.593155	0.782361	-0.972393	0.881741	0.985645	0.983336	0.980087	0.935005	-0.908177	-0.941639	-0.930772	-0.721068	-0.951191	-0.947207	
-0.879603	-0.607402	-0.906466	-0.724806	-0.88659	-0.876317	-0.865169	0.968374	0.984227	0.743754	-0.597887	0.781981	0.995453	0.996512	-0.0139526	0.995139	0.98101	0.993631	0.989311	0.987241	0.994123	-0.865714	-0.863827	0.764421	0.959308	-0.643886	-0.893991	0.0556981	0.560895	0.986121	0.99899	1	0.998894	0.75576	-0.961376	0.994977	-0.798867	0.0770761	-0.900079	-0.844066	-0.000381866	0.830784	0.974231	0.281001	0.950728	-0.927014	0.977335	-0.960932	-0.673944	0.998668	0.972879	0.776842	-0.732185	-0.0650194	-0.931624	-0.898476	-0.983456	0.765289	-0.963998	-0.893204	0.832562	-0.813038	-0.742369	-0.965091	-0.838977	0.765098	-0.935605	0.431559	0.950043	-0.477134	0.938885	0.965097	-0.932319	-0.908672	-0.86297	-0.567069	-0.0242679	0.0609919	-0.882156	0.78171	0.990096	0.984071	0.979322	0.991602	0.820518	0.909043	0.576466	0.803644	-0.966897	0.899595	0.989187	0.989146	0.979839	0.947059	-0.896864	-0.934185	-0.92014	-0.716158	-0.947395	-0.941977	
-0.868099	-0.633369	-0.892558	-0.69495	-0.871334	-0.861418	-0.846404	0.958953	0.984528	0.774214	-0.607331	0.809741	0.998178	0.993776	0.0324306	0.99061	0.971748	0.996972	0.986711	0.979899	0.996062	-0.856369	-0.841786	0.769752	0.971142	-0.625461	-0.877945	0.10034	0.598203	0.978352	0.99616	0.998894	1	0.785029	-0.95667	0.998559	-0.770078	0.0441336	-0.885303	-0.82404	0.0439364	0.855722	0.983473	0.323821	0.964187	-0.911682	0.969911	-0.958769	-0.698578	0.999093	0.982619	0.763038	-0.739086	-0.100127	-0.93576	-0.88266	-0.982147	0.793748	-0.95391	-0.87658	0.813695	-0.794659	-0.714492	-0.965565	-0.833309	0.793534	-0.919537	0.47103	0.96273	-0.452535	0.953612	0.966372	-0.916564	-0.889396	-0.847255	-0.528496	0.0198152	0.107612	-0.859771	0.809142	0.99552	0.987858	0.97057	0.990308	0.846319	0.927422	0.553086	0.830126	-0.956642	0.918974	0.986967	0.991233	0.973921	0.961	-0.879609	-0.921799	-0.902731	-0.708569	-0.937713	-0.931388	
-0.562492	-0.881172	-0.538732	-0.173985	-0.509649	-0.509265	-0.444037	0.608444	0.754967	0.99665	-0.673248	0.998163	0.798131	0.721396	0.640045	0.69833	0.625011	0.805461	0.723003	0.660638	0.798953	-0.588445	-0.383673	0.608192	0.907435	-0.319249	-0.491552	0.692005	0.965304	0.643045	0.732217	0.75576	0.785029	1	-0.703004	0.816177	-0.218429	-0.47154	-0.521105	-0.413213	0.64735	0.991462	0.872912	0.781881	0.919917	-0.523709	0.631402	-0.735972	-0.916225	0.77043	0.88548	0.35236	-0.730408	-0.602294	-0.809614	-0.507022	-0.760012	0.997218	-0.617737	-0.488268	0.342211	-0.42252	-0.21913	-0.778876	-0.627843	0.998638	-0.511783	0.910307	0.918329	-0.0992549	0.933694	0.779392	-0.515461	-0.429495	-0.491393	0.0923371	0.627604	0.693786	-0.370927	0.996239	0.835644	0.813511	0.620328	0.731073	0.990215	0.953119	0.0482454	0.99699	-0.61688	0.96049	0.72936	0.778766	0.655532	0.924467	-0.481419	-0.575239	-0.483724	-0.522544	-0.617677	-0.603444	
0.97073	0.676237	0.976064	0.789833	0.965962	0.964104	0.944704	-0.948022	-0.949294	-0.672875	0.756913	-0.731867	-0.939397	-0.943212	0.0739408	-0.945495	-0.960917	-0.940552	-0.966733	-0.972867	-0.972124	0.966845	0.924267	-0.675651	-0.91403	0.817251	0.963292	-0.0416615	-0.505662	-0.941936	-0.96163	-0.961376	-0.95667	-0.703004	1	-0.949185	0.823097	0.0492643	0.972071	0.933318	-0.00145794	-0.7719	-0.908001	-0.182285	-0.893551	0.970906	-0.924499	0.997882	0.729278	-0.948021	-0.920014	-0.699371	0.856338	0.170626	0.977649	0.966117	0.992234	-0.727022	0.987444	0.963391	-0.766731	0.926534	0.846833	0.991845	0.948517	-0.715555	0.961042	-0.414273	-0.910512	0.685963	-0.889448	-0.987192	0.965547	0.913812	0.955111	0.621623	0.0222091	0.00149745	0.895557	-0.738995	-0.937441	-0.963761	-0.931681	-0.924025	-0.746521	-0.839069	-0.42524	-0.750503	0.985136	-0.837752	-0.967426	-0.927488	-0.92074	-0.88963	0.959577	0.984181	0.956087	0.873989	0.991211	0.990073	
-0.852526	-0.661679	-0.874485	-0.657725	-0.851704	-0.842289	-0.822759	0.94671	0.983229	0.806593	-0.616567	0.838705	0.998541	0.988045	0.0854996	0.982886	0.958997	0.998287	0.981785	0.969322	0.995692	-0.843628	-0.815016	0.776573	0.981555	-0.603026	-0.857934	0.150574	0.639321	0.96699	0.990173	0.994977	0.998559	0.816177	-0.949185	1	-0.735553	0.00696639	-0.866346	-0.799258	0.0939848	0.881472	0.991404	0.372744	0.976828	-0.892061	0.959007	-0.953809	-0.724536	0.99678	0.991059	0.74745	-0.744334	-0.139035	-0.937956	-0.86287	-0.978142	0.823897	-0.939868	-0.855721	0.791768	-0.7719	-0.681513	-0.96352	-0.825323	0.823413	-0.898937	0.514314	0.974186	-0.425129	0.967456	0.966016	-0.896375	-0.865734	-0.827071	-0.482705	0.0694405	0.16001	-0.832673	0.837536	0.998751	0.990151	0.958186	0.986296	0.873262	0.946099	0.524814	0.857873	-0.942411	0.938722	0.982574	0.991523	0.965159	0.974066	-0.857595	-0.905231	-0.880629	-0.697976	-0.924556	-0.916843	
0.848225	0.158379	0.899261	0.945633	0.899426	0.888525	0.924909	-0.890606	-0.779535	-0.195804	0.366146	-0.259859	-0.747539	-0.817362	0.606604	-0.836868	-0.894066	-0.740103	-0.820227	-0.87466	-0.760236	0.809566	0.967835	-0.562533	-0.603216	0.748861	0.92289	0.529289	0.0402102	-0.874679	-0.818239	-0.798867	-0.770078	-0.218429	0.823097	-0.735553	1	-0.469422	0.906454	0.925163	0.565615	-0.333959	-0.64626	0.309913	-0.574435	0.93121	-0.868602	0.792957	0.21886	-0.778778	-0.639175	-0.808385	0.49808	-0.382913	0.689216	0.914133	0.791981	-0.241924	0.894644	0.924244	-0.902841	0.882167	0.952393	0.756422	0.739274	-0.23443	0.946008	0.166405	-0.582238	0.713216	-0.548068	-0.755277	0.941639	0.969967	0.886013	0.942541	0.583971	0.543894	0.985254	-0.264333	-0.708136	-0.734287	-0.883173	-0.79544	-0.313134	-0.478382	-0.741356	-0.291519	0.897179	-0.461932	-0.81485	-0.753345	-0.848473	-0.564803	0.931771	0.899308	0.952485	0.671346	0.879692	0.885683	
0.0657828	0.726883	-0.0437305	-0.331596	-0.0390551	-0.012968	-0.102979	0.22842	0.0774285	-0.43906	0.649146	-0.453122	0.0540332	0.153287	-0.745133	0.172909	0.204051	0.0418434	0.0943313	0.149415	-0.0204882	0.136369	-0.235015	0.226528	-0.159624	0.158848	-0.109	-0.856299	-0.615679	0.231	0.101051	0.0770761	0.0441336	-0.47154	0.0492643	0.00696639	-0.469422	1	-0.0585576	-0.104559	-0.882625	-0.373295	-0.0463326	-0.521459	-0.155132	-0.140887	0.26313	0.0932544	0.682573	0.0810186	-0.0946641	0.541045	0.525412	0.986239	0.245363	-0.0819985	0.0486832	-0.483963	-0.0956941	-0.101615	0.560952	-0.00912813	-0.246827	0.132291	0.237072	-0.474389	-0.205112	-0.76214	-0.199438	0.0708487	-0.208459	-0.100524	-0.182692	-0.346508	-0.00933123	-0.579273	-0.886661	-0.742736	-0.37634	-0.469253	-0.013696	-0.0403433	0.265381	0.168181	-0.348338	-0.209457	0.849368	-0.419627	-0.108653	-0.24372	0.0842612	0.0994226	0.251257	-0.166806	-0.123657	-0.0618476	-0.206303	0.325866	-0.0393621	-0.040004	
0.990678	0.546377	0.999643	0.894968	0.998475	0.997391	0.993449	-0.926053	-0.881798	-0.483837	0.717579	-0.557577	-0.858707	-0.886307	0.288917	-0.89675	-0.939593	-0.85697	-0.915019	-0.944061	-0.902292	0.979824	0.981883	-0.582155	-0.79956	0.896277	0.995802	0.157862	-0.298017	-0.909195	-0.908457	-0.900079	-0.885303	-0.521105	0.972071	-0.866346	0.906454	-0.0585576	1	0.990208	0.190146	-0.604695	-0.79761	0.0419033	-0.768539	0.993641	-0.889675	0.96052	0.596506	-0.878422	-0.810411	-0.692389	0.814253	0.0420229	0.91696	0.996845	0.943128	-0.551727	0.982021	0.998768	-0.781472	0.983228	0.945254	0.940214	0.94804	-0.538467	0.982696	-0.215146	-0.793565	0.805167	-0.762288	-0.928983	0.987662	0.945372	0.993801	0.769289	0.210816	0.217519	0.943396	-0.568411	-0.846785	-0.885393	-0.902702	-0.858101	-0.572343	-0.691063	-0.460769	-0.578268	0.979155	-0.688289	-0.913896	-0.846309	-0.87549	-0.763085	0.996638	0.995786	0.986606	0.900319	0.98885	0.993282	
0.979987	0.466258	0.988244	0.937772	0.993753	0.992772	0.998785	-0.882957	-0.815033	-0.369989	0.686382	-0.452137	-0.79136	-0.830814	0.393691	-0.847008	-0.900136	-0.787106	-0.857285	-0.901237	-0.840357	0.966631	0.987643	-0.488819	-0.71816	0.927816	0.984309	0.252535	-0.184079	-0.865346	-0.857766	-0.844066	-0.82404	-0.413213	0.933318	-0.799258	0.925163	-0.104559	0.990208	1	0.280727	-0.500748	-0.71663	0.175461	-0.681837	0.980532	-0.840689	0.915669	0.519598	-0.81721	-0.73087	-0.646778	0.780501	-0.0203574	0.862786	0.99043	0.894869	-0.444263	0.952315	0.992597	-0.755559	0.994063	0.973556	0.891812	0.930612	-0.434498	0.968333	-0.110302	-0.71356	0.850061	-0.676337	-0.87024	0.972764	0.931251	0.99428	0.827738	0.297387	0.328977	0.940748	-0.465268	-0.775835	-0.815562	-0.859566	-0.796878	-0.46496	-0.593351	-0.457567	-0.473945	0.949866	-0.588414	-0.855537	-0.77608	-0.822539	-0.676263	0.993357	0.97803	0.97681	0.901257	0.960013	0.96906	
0.0898223	-0.691655	0.170916	0.513491	0.186378	0.171393	0.261234	-0.189692	0.00915666	0.645406	-0.436131	0.617202	0.0599905	-0.0581164	0.966734	-0.0893444	-0.173757	0.0734252	-0.0368908	-0.122945	0.0795509	0.030689	0.36761	-0.0117072	0.277569	0.149172	0.233771	0.996669	0.814578	-0.162288	-0.0336505	-0.000381866	0.0439364	0.64735	-0.00145794	0.0939848	0.565615	-0.882625	0.190146	0.280727	1	0.54568	0.19344	0.814716	0.298461	0.232191	-0.177498	-0.0523319	-0.671483	0.0172339	0.222302	-0.407197	-0.357318	-0.910997	-0.204625	0.213519	-0.0498736	0.639001	0.140247	0.234743	-0.473342	0.218427	0.4585	-0.110341	-0.06224	0.638374	0.269568	0.901527	0.308871	0.291108	0.33909	0.101581	0.256648	0.381022	0.179356	0.756854	0.998857	0.96217	0.43514	0.619583	0.127059	0.109848	-0.192209	-0.0463377	0.546357	0.388516	-0.665121	0.588342	0.147427	0.414548	-0.0269079	0.0305634	-0.147319	0.310412	0.249957	0.156061	0.289285	-0.0720814	0.113346	0.123644	
-0.634446	-0.85327	-0.621033	-0.2803	-0.591664	-0.588698	-0.532019	0.698349	0.826516	0.988824	-0.668314	0.995794	0.867704	0.802667	0.541159	0.782167	0.715382	0.872971	0.7999	0.746045	0.86512	-0.652159	-0.482004	0.665088	0.952713	-0.375435	-0.578947	0.595099	0.924246	0.733825	0.810609	0.830784	0.855722	0.991462	-0.7719	0.881472	-0.333959	-0.373295	-0.604695	-0.500748	0.54568	1	0.927234	0.722137	0.961808	-0.61423	0.723908	-0.800948	-0.895997	0.844476	0.936403	0.451089	-0.745822	-0.513527	-0.856677	-0.591779	-0.827015	0.990456	-0.703211	-0.575486	0.450905	-0.500563	-0.316374	-0.838105	-0.678345	0.992123	-0.607613	0.851303	0.959025	-0.15422	0.970864	0.838666	-0.609548	-0.534746	-0.570616	-0.0265776	0.524499	0.603693	-0.47895	0.993849	0.898286	0.875009	0.713765	0.811219	0.997872	0.982328	0.163903	0.998288	-0.7033	0.98667	0.804907	0.849757	0.743946	0.965146	-0.57139	-0.65893	-0.580201	-0.563234	-0.697907	-0.684817	
