1	0.18088	0.173912	-0.405665	-0.515054	0.377641	0.476754	0.100327	-0.139936	-0.0179288	-0.487438	0.0390283	-0.0589473	-0.0545784	0.0409659	-0.453781	-0.702824	0.379951	0.276523	0.315491	0.144171	-0.138104	0.284419	0.089852	-0.44759	-0.59857	-0.00573825	0.429193	0.155859	0.0676754	0.098031	0.26198	0.387196	-0.370764	-0.0230224	-0.536762	0.106174	0.0128001	-0.322478	-0.55542	-0.227677	0.192561	-0.299441	0.288367	-0.317014	-0.00719386	0.2078	0.464721	0.273248	0.171	-0.225635	0.357457	-0.177022	0.53723	-0.530044	-0.218464	0.187498	0.092398	0.584498	0.204168	-0.00987235	0.320247	0.137801	-0.16479	0.208957	0.336783	0.0364586	-0.321169	-0.0883768	-0.359598	0.541652	-0.0172779	0.225866	0.0871968	0.341668	-0.382995	-0.0593958	-0.648517	-0.167623	-0.132485	-0.308598	-0.432511	-0.192186	-0.0706653	-0.109944	-0.559494	0.189009	0.244861	0.0309455	0.00925979	0.41749	-0.0633892	0.0591872	-0.441073	-0.0103876	-0.0341241	-0.381259	-0.0762766	-0.302338	-0.500387	0.0516316	0.284683	0.317598	0.0372502	0.292141	-0.0864831	-0.0095631	-0.24138	-0.571475	0.0489477	0.134353	-0.330636	-0.127741	0.454351	0.46036	0.314007	0.067735	-0.397355	-0.349541	
0.18088	1	-0.245217	0.597753	0.224271	0.416304	-0.0471218	-0.00859166	0.419059	0.349909	-0.39879	-0.572141	0.311705	-0.354118	0.183577	0.62987	0.228398	-0.118788	-0.0813254	-0.195093	0.64648	0.122861	0.0884895	-0.405092	0.439606	-0.401939	-0.166427	-0.330925	0.403262	0.339483	0.306009	0.284805	-0.403053	-0.0407653	-0.139707	0.362166	0.0313595	0.315245	-0.494924	-0.513773	0.418815	-0.0966379	-0.361993	0.0615809	0.12164	-0.149572	-0.0487085	-0.15565	0.102339	0.129592	0.114762	-0.226033	-0.206155	-0.47304	-0.365392	0.431166	0.293091	0.277679	0.158143	-0.454177	0.0143499	0.407141	-0.0777804	-0.140797	0.267945	0.0421066	0.609123	-0.380433	-0.174454	-0.347361	-0.141954	0.0607986	0.0329465	0.273924	0.275848	-0.00345983	-0.469961	-0.3496	-0.136734	-0.117081	-0.442755	-0.361286	-0.0719585	-0.634984	0.211021	-0.368995	0.187146	-0.704111	0.554742	-0.825147	-0.233341	-0.0407238	0.0836738	-0.0148993	0.0374211	0.0994296	0.136	-0.577287	-0.257417	-0.0842964	0.027475	-0.258177	-0.514495	-0.26053	-0.207624	0.22264	0.0466287	0.225355	-0.172871	0.59681	-0.60125	-0.0871718	-0.302663	-0.562852	-0.0960539	0.467573	0.167775	-0.101707	-0.35894	
0.173912	-0.245217	1	-0.441852	-0.472851	-0.227407	-0.0917312	-0.152697	-0.63039	-0.0584738	-0.0687531	-0.07274	0.0298941	0.345158	-0.630735	-0.271201	-0.352366	0.18671	0.639229	0.509071	-0.394103	0.292641	-0.646065	-0.17629	0.184643	0.451381	0.370558	0.307353	-0.35464	-0.511206	-0.221599	-0.0839634	0.455711	-0.601534	-0.602877	-0.267739	-0.644685	0.417822	-0.218628	-0.290246	-0.145258	0.040835	0.408771	-0.124208	-0.0524022	0.537488	0.181187	0.11294	0.00962401	0.100117	-0.36368	-0.0484843	0.25781	0.239677	-0.151304	-0.392786	0.524641	0.362151	0.230462	-0.00859133	0.0634142	-0.0707161	0.563855	0.250528	0.349584	0.0803115	-0.335944	0.156901	0.124038	0.266292	0.517874	0.221882	-0.0829823	-0.391936	-0.301541	0.230465	-0.0514343	-0.418707	0.0764359	-0.0493528	0.188626	0.102224	0.0130872	-0.263356	-0.365862	0.190172	-0.309655	0.148018	-0.111354	0.24889	0.261635	-0.0917851	-0.35114	0.0805369	0.499081	0.201414	-0.191661	0.269009	0.284399	-0.349593	-0.291268	0.317531	0.342049	0.137403	0.330355	-0.148831	0.330225	0.108412	-0.621305	-0.53206	-0.0205661	0.158316	0.569896	-0.202438	0.606249	-0.125677	0.0236932	-0.327253	0.294904	
-0.405665	0.597753	-0.441852	1	0.625542	0.262001	-0.207641	0.0655005	0.48409	0.290307	-0.193865	-0.484029	0.427572	-0.0957857	0.0205996	0.548639	0.714391	-0.407204	-0.288912	-0.574712	0.435826	0.180644	-0.0721093	-0.421537	0.365826	-0.251239	-0.219104	-0.711795	0.429633	0.417608	0.195624	-0.186696	-0.474887	0.372415	0.0224347	0.249485	-0.0345527	0.210055	0.0568782	0.119603	0.395517	-0.370604	0.134888	-0.0443335	0.224531	-0.158687	-0.104025	-0.14292	0.161566	0.291742	0.396246	-0.320777	-0.0229966	-0.79817	0.206657	0.143785	0.0840734	0.218606	-0.304402	-0.62976	0.22834	-0.0674428	-0.490502	-0.154571	-0.244122	-0.12141	0.619806	-0.247046	-0.023898	-0.0714054	-0.628848	-0.14084	0.000799843	0.335415	0.141487	0.471038	-0.389704	0.166485	0.154678	-0.0119	-0.284928	-0.242411	-0.146704	-0.392924	0.403481	0.203537	0.0186822	-0.608553	0.302595	-0.586215	-0.0882831	0.0702781	-0.131933	0.187675	-0.197895	-0.0896992	0.450226	-0.809008	0.155101	0.0336672	0.186351	-0.289963	-0.420324	-0.542981	-0.630845	0.00514523	0.118045	0.228469	0.241	0.493641	-0.433087	0.18576	-0.429379	-0.536579	-0.482234	0.334212	-0.0744548	0.636805	0.160568	
-0.515054	0.224271	-0.472851	0.625542	1	-0.212086	-0.489207	0.487129	0.252768	0.475692	-0.13756	-0.125378	0.00904485	0.235596	0.278568	0.41	0.513615	-0.0934084	-0.581815	-0.361373	0.0975674	-0.131824	0.0441582	0.033556	0.2902	0.198506	-0.536157	-0.401203	0.214778	0.274087	0.195091	-0.348788	-0.4912	0.0213612	0.299485	0.376137	0.113361	-0.0834972	-0.0585265	0.192003	0.601754	-0.487547	-0.0554178	0.433702	0.32849	-0.309797	-0.298527	-0.331428	-0.130154	0.271557	0.724796	-0.0398265	0.322281	-0.441684	0.00439205	0.165774	0.179316	0.134309	-0.569973	-0.16125	-0.102085	-0.0576248	-0.0212461	-0.182222	-0.295703	0.151198	0.151141	-0.284788	0.2334	0.193928	-0.798408	-0.152154	-0.166599	0.0388969	-0.268178	0.279944	-0.413345	0.219327	0.00665478	-0.0193045	0.295826	-0.181745	-0.562901	0.0316017	0.219469	0.330044	0.30612	-0.16345	-0.309421	-0.227727	-0.101971	-0.123955	-0.0758201	-0.229426	-0.0364779	0.00546774	0.656996	-0.470468	0.589363	0.145055	0.481541	-0.0558602	-0.352555	-0.355406	-0.518699	-0.19335	0.127206	0.111437	0.561761	0.173833	-0.324348	0.439	-0.28414	-0.39627	-0.169759	0.00692337	-0.135018	0.476947	0.129225	
0.377641	0.416304	-0.227407	0.262001	-0.212086	1	0.656078	-0.511713	0.503845	-0.292653	-0.1012	-0.529748	0.471688	-0.430512	0.0741562	0.00850118	-0.0848212	-0.242036	-0.194671	-0.582948	0.26077	0.139947	0.496941	-0.596234	-0.151014	-0.50623	0.185774	0.244751	0.410158	-0.106433	0.256483	0.547861	-0.166607	0.312851	0.174327	-0.0997679	0.158199	0.203541	-0.170535	0.0595797	0.0605086	0.109209	-0.223132	0.205714	-0.223969	-0.00922124	0.43969	0.397318	0.378621	0.20464	-0.277845	-0.0706508	-0.0520469	-0.176706	-0.0506245	-0.0120152	0.0584211	-0.273416	0.2529	-0.267979	0.498791	0.150856	-0.397413	0.179774	-0.0367972	-0.0303974	0.57691	-0.135718	-0.276313	-0.797076	0.424529	-0.144365	-0.00371962	0.234349	0.595139	0.198013	0.212214	-0.0145377	-0.025372	-0.1033	-0.60087	-0.259443	0.236755	-0.0878252	0.478748	-0.54754	-0.322233	0.0129824	0.427856	-0.539476	0.0752906	0.0626667	0.360129	0.365898	-0.299719	-0.155426	-0.0408836	-0.397417	-0.432412	-0.119174	-0.443511	0.0282298	-0.227811	-0.316483	0.125554	-0.00783249	-0.0732337	-0.430681	-0.263157	0.00468439	-0.271372	-0.315978	-0.236524	0.221344	-0.218229	0.585581	-0.0786703	0.0917158	-0.0135451	
0.476754	-0.0471218	-0.0917312	-0.207641	-0.489207	0.656078	1	-0.556064	-0.090632	-0.274517	-0.0139684	0.0551767	0.0540301	-0.443249	0.133425	-0.413534	-0.533651	0.222114	0.125006	-0.0283695	0.200876	-0.460804	0.43557	-0.201593	-0.555294	-0.505217	0.34266	0.455873	-0.196658	-0.197246	0.118167	0.107722	0.129481	0.153461	0.224242	-0.239053	0.361894	-0.02938	0.281492	0.110564	-0.377983	-0.0101482	-0.0545151	0.00862884	-0.113911	0.11705	0.154724	0.373575	0.651033	-0.0203816	-0.52948	0.402616	0.0506296	0.13713	-0.182544	0.0462219	-0.137944	-0.232761	0.213983	-0.190514	0.627776	-0.0616631	-0.170234	-0.0493918	-0.242432	-0.303382	0.0910125	-0.242853	-0.116344	-0.658564	0.547457	0.00979846	-0.288202	0.339288	0.446573	-0.124495	0.339822	-0.194749	0.248202	-0.07306	-0.192019	-0.380402	0.415297	0.217975	0.119723	-0.417067	-0.560265	0.185222	0.167423	-0.00690555	0.0484717	0.102937	0.559301	0.365554	-0.3592	-0.0594837	-0.487528	-0.0306917	-0.529933	-0.0570271	-0.215396	0.121742	0.363969	0.0951167	0.38261	0.429272	-0.0449755	-0.442766	-0.404776	-0.00527623	0.192663	-0.290935	-0.0417463	0.473757	0.11821	0.171921	0.114007	-0.0187644	-0.193731	
0.100327	-0.00859166	-0.152697	0.0655005	0.487129	-0.511713	-0.556064	1	-0.105826	0.345063	-0.601159	0.200192	-0.0641185	0.696505	0.157475	-0.171945	0.135872	0.311863	-0.107591	0.277128	-0.158767	-0.150902	-0.0498887	0.559594	-0.0708984	-0.089457	-0.38708	-0.281501	0.294696	0.470827	0.156031	-0.346192	-0.155948	-0.29582	0.258059	-0.145412	-0.00249444	-0.327311	-0.290725	-0.142938	0.334834	-0.0467737	-0.261597	0.273317	0.262589	-0.371609	-0.426309	-0.165889	-0.302457	0.257045	0.622725	0.1857	-0.183914	0.157834	-0.14935	-0.34881	0.189934	0.447565	-0.0494296	0.361519	-0.51897	-0.0864456	0.151451	-0.231162	-0.247329	0.280531	-0.0575858	-0.268683	0.241196	0.464051	-0.522687	-0.326135	0.293478	-0.0160546	-0.21959	-0.0430109	-0.466161	-0.238063	-0.0860913	-0.0518506	0.257846	-0.215625	-0.726571	0.0581652	-0.181016	0.332289	0.744934	0.131478	-0.393415	0.293745	0.480365	-0.175744	-0.260174	-0.806272	0.00905109	-0.307679	0.411539	-0.236942	0.560438	-0.29482	0.618722	0.369268	0.0758393	-0.0533175	-0.285758	-0.359717	-0.0720799	0.210334	0.295352	0.125413	0.0699708	0.0486901	-0.501232	-0.0162796	0.272443	-0.149545	-0.0463685	0.129054	0.0455912	
-0.139936	0.419059	-0.63039	0.48409	0.252768	0.503845	-0.090632	-0.105826	1	-0.00953573	0.109846	-0.521794	0.4146	-0.371239	0.315384	0.499929	0.369598	-0.441274	-0.533504	-0.808351	0.25229	0.351857	0.373412	-0.394778	0.313661	-0.273547	-0.166793	-0.247167	0.617467	0.0560855	-0.030809	0.480904	-0.483275	0.45649	0.245858	0.107509	0.144507	-0.10149	-0.209403	0.228318	0.384988	0.0668819	-0.29134	0.0707698	-0.0603251	-0.38998	0.277601	0.0909492	-0.09071	0.090443	0.0172125	-0.398783	-0.198903	-0.276416	0.393384	0.165552	-0.303447	-0.332025	0.0866098	-0.0678432	-0.12197	0.28989	-0.56346	0.246125	0.00366117	0.164123	0.494443	-0.00565446	-0.303974	-0.401273	-0.284634	-0.203169	0.391705	0.0727568	0.333485	-0.0186598	0.17914	0.484233	-0.0982349	-0.164091	-0.557858	0.315468	-0.0442119	-0.00471486	0.429221	-0.456579	0.302406	-0.23298	0.365099	-0.658424	-0.0988562	0.0977033	-0.0644872	0.083292	-0.350703	-0.150195	0.186732	-0.358772	-0.356997	0.26833	-0.107483	-0.34609	-0.702981	-0.176809	-0.283163	-0.258816	-0.272897	-0.129237	0.456154	0.233677	-0.227255	-0.0016641	-0.442493	0.054982	-0.795796	0.434491	-0.37359	0.200217	0.0653281	
-0.0179288	0.349909	-0.0584738	0.290307	0.475692	-0.292653	-0.274517	0.345063	-0.00953573	1	-0.280167	-0.170288	-0.282073	-0.0354717	0.0206715	0.43319	-0.155996	0.184184	0.0415884	0.222196	0.125969	-0.205999	-0.363672	-0.212672	0.394207	-0.0880376	-0.49287	-0.339101	-0.192206	0.0227341	-0.156804	-0.475129	-0.21452	-0.575181	-0.0830369	-0.0927057	-0.0147037	0.239817	-0.133364	-0.285339	0.260513	-0.738127	-0.00588912	0.231907	0.174985	-0.312113	-0.175472	0.0349432	0.100791	0.538475	0.0849276	0.0189022	0.338313	-0.128223	-0.141397	0.168515	0.148939	0.568894	-0.0160901	-0.474886	-0.209378	0.453564	0.387065	-0.425897	-0.101013	0.233796	-0.0156357	-0.666995	0.580189	0.319626	-0.496607	-0.0263838	0.19039	-0.25371	-0.538016	-0.335236	-0.329881	-0.322776	0.464779	-0.286753	-0.0341689	-0.199511	-0.567565	-0.0622478	-0.422688	-0.0488282	0.347026	-0.357967	0.0452994	-0.33979	0.0235416	0.0578246	-0.375506	-0.476898	0.317137	0.468668	0.00642507	-0.398619	0.260038	-0.0705163	0.813931	-0.140818	0.138089	-0.133879	-0.0735443	0.100604	0.255954	0.492497	0.22116	0.398434	-0.126815	0.723087	-0.179973	-0.505471	0.109606	-0.18291	-0.1508	-0.0222062	0.0799798	
-0.487438	-0.39879	-0.0687531	-0.193865	-0.13756	-0.1012	-0.0139684	-0.601159	0.109846	-0.280167	1	0.31081	-0.429091	-0.450663	-0.146808	0.19765	0.135097	-0.432448	-0.2911	-0.235071	-0.134961	0.247202	-0.00412855	-0.0252621	-0.00976302	0.469267	-0.133791	0.18527	-0.411903	-0.267953	-0.410997	0.206617	0.239291	0.386052	-0.212064	0.218975	0.0276252	-0.0334028	0.529915	0.36358	-0.346298	0.0384474	0.256933	-0.118677	-0.377537	0.265292	0.425466	-0.0971629	-0.231481	-0.37861	-0.138443	-0.157999	0.129293	-0.0467256	0.320559	0.40564	-0.469854	-0.660079	-0.377808	0.11019	0.0806311	0.0345661	-0.0755552	-0.0132425	0.321743	-0.0965516	-0.198121	0.669747	-0.0360152	0.132942	0.105006	0.203707	-0.113567	-0.31434	-0.079663	-0.159527	0.449018	0.742106	-0.171585	0.137077	0.0518791	0.630761	0.4773	0.20326	0.17565	0.0255261	-0.367934	0.132047	-0.00215118	0.0499071	-0.634857	0.331208	0.0579027	0.473563	0.0810297	0.484348	-0.238329	0.613103	-0.249867	0.648	-0.314916	-0.486794	-0.118675	0.104529	0.090239	0.101257	0.106752	0.0219906	0.257023	-0.214115	0.273363	0.0834108	0.624817	0.118705	-0.495669	-0.288852	-0.143019	-0.152286	-0.0328319	
0.0390283	-0.572141	-0.07274	-0.484029	-0.125378	-0.529748	0.0551767	0.200192	-0.521794	-0.170288	0.31081	1	-0.646504	0.149872	-0.0161309	-0.531223	-0.171402	0.38413	-0.113487	0.496417	-0.082105	-0.426047	0.0256299	0.824601	-0.66749	0.0912312	-0.307072	0.258832	-0.54528	0.242418	-0.297589	-0.34247	0.431668	0.0300722	-0.0674722	-0.103498	0.127213	-0.598138	0.588959	0.122348	-0.408862	0.000396496	0.0813016	0.0183293	-0.0432498	0.287144	-0.0735646	-0.298104	-0.0154376	-0.357884	0.207778	0.647467	-0.178586	0.26396	-0.258409	0.11954	-0.234791	-0.179388	-0.423565	0.539367	0.018086	-0.367153	0.155238	-0.533063	0.0591196	-0.177014	-0.37426	0.337718	0.0775364	0.407786	-0.0423995	-0.020307	-0.221394	0.0290407	0.0695996	-0.345048	-0.111346	0.174931	-0.210956	0.0109709	0.529338	0.0715252	0.0198137	0.194574	0.0185616	0.347912	-0.0528918	0.360389	-0.507176	0.646822	-0.108574	0.303878	0.188332	-0.162493	-0.191667	0.209558	-0.392598	0.534076	-0.00648842	0.341511	0.25525	0.0816096	0.418826	0.39635	-0.00161651	0.234447	0.22174	0.112312	-0.0210896	-0.0625619	0.755213	-0.220539	0.269299	0.411582	0.157334	-0.536781	0.0152386	-0.181314	-0.3771	
-0.0589473	0.311705	0.0298941	0.427572	0.00904485	0.471688	0.0540301	-0.0641185	0.4146	-0.282073	-0.429091	-0.646504	1	0.202673	-0.0168215	0.0169933	0.323253	0.0116827	0.0286436	-0.450837	0.122658	0.213371	-0.0527071	-0.452151	0.322915	-0.135404	0.52158	-0.164821	0.505815	-0.168701	0.104676	0.136675	-0.472155	0.180253	0.0260524	0.0213947	-0.35174	-0.0362655	-0.35874	0.238874	0.52734	0.120034	0.0353167	-0.238585	0.488166	0.0931947	-0.0243976	-0.079389	0.301119	0.11008	-0.198527	-0.195335	-0.161087	-0.403358	0.231708	-0.334108	0.32848	0.223472	0.155177	-0.172897	0.304141	-0.376164	-0.38359	0.591906	-0.204514	-0.243229	0.447954	-0.112396	-0.455415	-0.431805	-0.0352647	-0.19719	-0.0395909	0.352665	0.451499	0.656528	-0.129945	-0.0087472	0.142495	-0.264727	-0.178048	0.0281728	0.0180384	-0.341172	0.379504	-0.0132796	-0.148573	-0.263618	0.218754	-0.378483	0.394184	-0.108851	-0.0290418	0.388509	-0.467329	-0.580275	0.197359	-0.546424	-0.0528139	-0.120457	-0.418416	0.263324	-0.464385	0.0332812	-0.246365	-0.163405	-0.0908996	-0.213127	-0.194227	-0.122994	-0.319477	-0.151439	-0.429208	-0.137522	-0.194389	0.482631	-0.226142	0.387777	0.350558	
-0.0545784	-0.354118	0.345158	-0.0957857	0.235596	-0.430512	-0.443249	0.696505	-0.371239	-0.0354717	-0.450663	0.149872	0.202673	1	-0.357233	-0.506769	0.166733	0.315047	0.00626522	0.296233	-0.596097	0.0748012	-0.365973	0.335336	-0.122177	0.29055	-0.0257565	0.0380455	0.0527303	0.0167541	-0.00262477	-0.336713	-0.0976486	-0.340142	0.0130862	-0.252682	-0.480012	-0.244627	-0.233919	0.210922	0.345707	-0.00479055	0.0167772	0.194397	0.362838	0.129505	-0.145009	-0.206263	-0.233185	0.34783	0.366636	0.225314	-0.078424	0.0327936	-0.040784	-0.726557	0.500273	0.51405	-0.201794	0.399939	-0.101272	-0.533099	0.311213	0.0493911	-0.267858	-0.0232582	-0.0309041	0.0938481	0.286405	0.54062	-0.152559	-0.484578	0.0748183	-0.247707	-0.181816	0.467324	-0.361435	-0.101792	0.0451269	-0.188342	0.413006	-0.000177791	-0.51336	-0.00517996	-0.0409425	0.676917	0.181532	0.423493	-0.456022	0.471096	0.693613	-0.0106784	-0.205979	-0.348227	0.0132622	-0.338633	0.367938	-0.0718616	0.768595	-0.259814	0.150004	0.766833	0.21021	0.0212472	-0.0483145	-0.428665	0.192394	0.169293	0.00443162	-0.495229	0.175048	-0.0194788	-0.217191	-0.03497	0.440464	-0.323036	-0.22534	0.139786	0.495199	
0.0409659	0.183577	-0.630735	0.0205996	0.278568	0.0741562	0.133425	0.157475	0.315384	0.0206715	-0.146808	-0.0161309	-0.0168215	-0.357233	1	0.235991	-0.100647	0.134307	-0.181279	-0.228484	0.484952	-0.555478	0.733463	0.300486	0.0382456	-0.229323	0.0713273	-0.10417	0.344608	0.233215	0.457795	0.100364	-0.226318	0.242684	0.679859	0.422232	0.788548	-0.271399	-0.118326	-0.139177	0.107041	0.198627	-0.361489	0.0489714	0.133973	-0.603218	-0.587745	-0.0332353	0.0535984	-0.466704	0.166826	-0.00201966	0.101269	0.269766	-0.0500009	0.464137	-0.37161	-0.407543	0.179656	0.113662	-0.338209	0.238666	-0.298053	0.225537	-0.206089	0.208241	-0.2749	-0.428469	-0.421133	-0.543265	-0.275146	0.372553	-0.197801	0.570677	0.0748989	-0.34727	0.160021	-0.0821966	-0.207544	0.317183	0.157414	-0.276715	-0.00493826	0.375485	-0.055835	-0.492271	0.420067	-0.164388	-0.156222	-0.0374054	-0.319268	-0.586199	0.318795	-0.197638	-0.262798	-0.394697	0.197586	-0.0441029	-0.297266	0.000610031	0.14345	-0.325227	-0.32573	0.146382	-0.194517	0.116932	-0.627071	-0.548172	0.347146	0.429785	-0.300124	-0.0489126	-0.288647	0.265285	-0.123383	0.393923	0.374	0.156409	-0.534185	
-0.453781	0.62987	-0.271201	0.548639	0.41	0.00850118	-0.413534	-0.171945	0.499929	0.43319	0.19765	-0.531223	0.0169933	-0.506769	0.235991	1	0.421118	-0.502594	-0.127628	-0.352789	0.399293	0.284468	-0.0617948	-0.4343	0.795225	0.129267	-0.176074	-0.535357	0.210797	0.106992	0.12441	0.191627	-0.375175	0.123889	-0.0840278	0.592407	0.122076	0.442106	-0.226082	-0.247322	0.274867	-0.141106	-0.0788755	-0.137048	-0.0122855	-0.329122	-0.118594	-0.165865	-0.264359	-0.0772714	0.11171	-0.651454	0.122436	-0.412036	0.177008	0.616014	-0.137041	-0.0394564	0.0010502	-0.507765	-0.305906	0.54784	-0.0930923	0.0764811	0.245124	0.144665	0.180711	-0.12918	-0.0374905	-0.0462346	-0.393642	0.322357	0.0900167	-0.0275455	-0.276425	-0.104331	-0.0453307	0.131173	-0.0337092	0.166618	-0.288031	0.131493	0.089449	-0.256284	-0.0592496	-0.234409	0.227084	-0.709162	0.463643	-0.668095	-0.634751	-0.148916	-0.168421	0.109315	0.329467	0.27606	0.296346	-0.202133	-0.13013	0.196837	0.052185	-0.692636	-0.588797	-0.258295	-0.236368	0.127463	-0.144841	0.271601	0.37402	0.511218	-0.637392	0.355778	0.0291106	-0.668563	-0.440923	0.211999	0.161121	0.00817735	-0.124756	
-0.702824	0.228398	-0.352366	0.714391	0.513615	-0.0848212	-0.533651	0.135872	0.369598	-0.155996	0.135097	-0.171402	0.323253	0.166733	-0.100647	0.421118	1	-0.546534	-0.38111	-0.460726	0.0762575	0.414728	-0.11095	-0.0346146	0.291652	0.158963	-0.130257	-0.622886	0.365724	0.459842	0.160029	0.00814822	-0.432723	0.592153	-0.00556096	0.469582	-0.15001	-0.0219005	0.101446	0.334436	0.316394	0.0847199	0.0504264	-0.227133	0.19533	-0.0314129	-0.108647	-0.456453	-0.361355	-0.0745824	0.543385	-0.416428	-0.325935	-0.715951	0.365025	0.0782459	-0.0538139	0.00100509	-0.478612	-0.131807	-0.00814229	-0.332382	-0.442552	-0.00106389	-0.102306	-0.278785	0.48342	0.388371	-0.110536	0.264471	-0.541827	-0.224204	0.0266592	0.144179	0.103852	0.545131	-0.260126	0.528153	-0.167469	0.169781	-0.0638452	0.183233	0.105607	-0.309202	0.449405	0.545932	0.0432166	-0.3581	0.203768	-0.199917	-0.21553	0.128776	-0.0332004	0.279357	-0.131095	-0.220713	0.569417	-0.270212	0.246489	0.26653	-0.134733	-0.19762	-0.509295	-0.346291	-0.532431	-0.0754287	-0.0177144	0.313125	0.417392	0.198746	-0.255984	-0.145703	-0.23438	-0.449226	-0.531849	0.00270605	-0.00269242	0.456772	0.192704	
0.379951	-0.118788	0.18671	-0.407204	-0.0934084	-0.242036	0.222114	0.311863	-0.441274	0.184184	-0.432448	0.38413	0.0116827	0.315047	0.134307	-0.502594	-0.546534	1	0.116544	0.579816	0.0755793	-0.693142	-0.132913	0.374457	-0.234082	-0.0326214	0.0448874	0.416044	-0.434413	-0.224725	-0.264398	-0.416018	-0.0317738	-0.602618	-0.0756246	-0.165689	-0.155786	-0.552746	-0.103576	-0.0781817	0.264321	-0.290338	-0.100747	0.126344	0.61014	0.28674	-0.25948	-0.334787	0.489882	-0.0142187	-0.210038	0.814622	0.044683	0.196837	-0.565852	-0.0421946	0.410333	0.422443	-0.0648868	0.2999	0.190732	-0.340232	0.478159	-0.129784	-0.0524847	-0.196178	-0.247495	-0.379443	-0.0269687	-0.0264205	0.0179707	-0.0684857	-0.380879	0.161612	0.159041	-0.178316	-0.413959	-0.436124	0.167338	-0.554682	0.577839	-0.170392	-0.347416	-0.0790473	-0.0912164	0.00635235	-0.0434767	0.100609	-0.446011	0.185377	0.332481	0.0678315	0.164288	-0.198962	-0.365776	0.0219514	-0.475663	0.0241398	-0.0110755	0.0845886	0.291112	0.515263	0.224396	0.709614	0.121736	0.286039	0.309222	-0.0124706	-0.413694	-0.153723	0.40651	0.0331818	-0.0636485	0.137538	0.546064	-0.214261	-0.186501	-0.255269	-0.235349	
0.276523	-0.0813254	0.639229	-0.288912	-0.581815	-0.194671	0.125006	-0.107591	-0.533504	0.0415884	-0.2911	-0.113487	0.0286436	0.00626522	-0.181279	-0.127628	-0.38111	0.116544	1	0.550554	-0.00653674	-0.0246402	-0.384704	-0.0802182	0.14416	-0.10877	0.630309	-0.182943	-0.137982	-0.10298	0.0983144	-0.220743	0.424795	-0.288094	-0.228827	-0.265735	-0.0873278	0.47381	-0.0307981	-0.464823	-0.505419	0.202154	0.357978	-0.597175	-0.0707304	0.0137052	-0.334402	0.356529	0.150536	-0.114908	-0.476922	-0.234394	0.040085	0.365664	0.0949803	-0.245922	-0.0166568	0.3553	0.653461	-0.315534	-0.151252	0.124713	0.116497	0.219322	-0.013673	-0.000526072	-0.418517	-0.238632	-0.00549617	0.061351	0.338439	0.435005	0.111646	0.117314	-0.306409	-0.0993203	0.168839	-0.652095	0.318492	0.307742	-0.0843034	-0.205945	0.270781	-0.06769	-0.711348	-0.0425561	-0.0616736	-0.223503	0.203887	0.321315	0.182687	-0.368983	-0.303725	-0.032629	0.390397	-0.156764	-0.234241	0.0935616	-0.090233	-0.60115	-0.0385768	-0.046121	0.510488	0.0949328	0.228321	0.161114	-0.233027	0.0361796	-0.44194	0.137807	-0.112868	0.0583066	0.163905	-0.101416	0.443574	0.0546312	0.472889	-0.0783812	0.05187	
0.315491	-0.195093	0.509071	-0.574712	-0.361373	-0.582948	-0.0283695	0.277128	-0.808351	0.222196	-0.235071	0.496417	-0.450837	0.296233	-0.228484	-0.352789	-0.460726	0.579816	0.550554	1	-0.198418	-0.343643	-0.402843	0.452393	-0.194915	0.0741831	0.0598699	0.190868	-0.589543	0.0173611	-0.101627	-0.327158	0.281151	-0.609137	-0.27443	-0.136026	-0.140596	-0.0437924	-0.0392464	-0.393406	-0.273972	-0.000798695	-0.0784661	-0.165366	0.148154	0.190399	-0.292007	-0.180372	-0.058516	-0.0618009	-0.170536	0.401678	-0.155269	0.345925	-0.452226	-0.0624243	0.196031	0.515496	0.151112	0.183104	-0.173477	-0.0336018	0.677469	-0.340877	0.117252	-0.179645	-0.371837	-0.0797699	0.35426	0.48466	0.245792	0.0435491	-0.0477386	-0.192318	-0.307093	-0.38975	-0.225582	-0.570996	0.139589	-0.0786158	0.338861	-0.142903	-0.0104662	-0.0776074	-0.594431	0.22853	0.0324268	0.0747542	-0.0891131	0.476346	0.121542	0.0640485	0.0372612	-0.330387	0.342659	0.219323	-0.393258	0.412354	0.0861917	-0.163253	0.278809	0.32561	0.607666	0.426346	0.436571	0.392323	0.160083	0.421558	-0.359104	-0.00602821	0.329636	-0.0796814	0.197558	-0.113269	0.723151	-0.56766	0.288109	-0.55176	-0.209494	
0.144171	0.64648	-0.394103	0.435826	0.0975674	0.26077	0.200876	-0.158767	0.25229	0.125969	-0.134961	-0.082105	0.122658	-0.596097	0.484952	0.399293	0.0762575	0.0755793	-0.00653674	-0.198418	1	-0.284033	0.250883	-0.0185199	0.14507	-0.443868	-0.0685132	-0.333636	0.202104	0.411735	0.115188	-0.040119	0.0224264	0.229216	-0.126021	0.324773	0.291383	-0.0364223	0.0993915	-0.438495	0.0404	-0.111111	0.0733196	-0.17955	0.111334	0.0174975	-0.247894	-0.184033	0.490889	-0.390882	0.079401	0.0572077	-0.0602311	-0.279553	-0.307562	0.666851	-0.0639233	-0.115249	0.00736271	-0.345244	0.148702	0.147613	-0.408434	-0.180821	0.251791	0.0232315	0.156712	-0.350787	-0.587255	-0.515083	-0.279508	0.504338	-0.317354	0.761023	0.470743	-0.141649	-0.384553	-0.213767	-0.238562	0.0729057	-0.0774661	-0.376584	0.077223	-0.476099	0.292365	-0.398684	0.0407375	-0.738933	0.13805	-0.497535	-0.442082	-0.151314	0.0734631	0.137227	-0.342577	0.0515913	-0.19257	-0.414968	-0.516614	0.093447	0.0827294	-0.590892	-0.407794	0.0342032	-0.554889	0.363311	0.0125677	-0.12731	-0.265955	0.732411	-0.258282	-0.0636211	-0.054857	-0.154033	-0.248199	0.591801	0.248902	0.167282	-0.715107	
-0.138104	0.122861	0.292641	0.180644	-0.131824	0.139947	-0.460804	-0.150902	0.351857	-0.205999	0.247202	-0.426047	0.213371	0.0748012	-0.555478	0.284468	0.414728	-0.693142	-0.0246402	-0.343643	-0.284033	1	-0.292764	-0.399324	0.358827	0.217421	-0.0581408	-0.155045	0.382813	-0.050171	-0.140809	0.497598	0.113296	0.146609	-0.420346	-0.109802	-0.502442	0.43062	-0.2644	-0.0511785	0.026172	0.301415	0.11987	-0.0508724	-0.453699	0.129854	0.580264	0.183125	-0.508058	0.188135	0.0552713	-0.659124	-0.193379	-0.151357	0.352811	-0.274715	0.0756138	-0.0825544	0.132216	0.00528181	-0.205925	0.216218	-0.132615	0.23293	0.440866	0.279104	0.322322	0.553886	-0.0299891	0.221965	0.16553	-0.114194	0.523189	-0.466532	-0.0271282	0.293114	0.0977418	0.301946	-0.281332	0.0867109	-0.518512	0.46303	0.054676	-0.320043	0.165341	0.0512486	0.090933	-0.00411715	0.343725	-0.259009	0.0475667	0.147085	-0.469074	0.0867692	0.367628	0.0991318	0.25555	0.0165695	0.113766	-0.0925568	-0.420649	-0.13995	-0.320591	-0.414166	-0.0621046	-0.546823	0.0641361	0.220025	0.0240949	-0.226116	-0.223484	-0.0550598	0.177946	-0.208228	-0.32995	0.160905	-0.22027	-0.0832291	0.386936	
0.284419	0.0884895	-0.646065	-0.0721093	0.0441582	0.496941	0.43557	-0.0498887	0.373412	-0.363672	-0.00412855	0.0256299	-0.0527071	-0.365973	0.733463	-0.0617948	-0.11095	-0.132913	-0.384704	-0.402843	0.250883	-0.292764	1	0.220139	-0.413185	-0.396584	-0.00593557	0.226805	0.458406	0.280347	0.5706	0.492532	-0.0764789	0.474493	0.733569	0.207099	0.808112	-0.204448	-0.0652324	0.00211816	-0.109505	0.432219	-0.525712	0.313627	-0.294725	-0.48021	-0.105045	0.234879	-0.0459143	-0.296353	0.197309	0.0501954	-0.0838738	0.309198	-0.101268	0.237988	-0.378551	-0.668813	0.172782	0.271296	-0.0924837	0.21771	-0.405012	0.10903	-0.168036	0.196824	0.0423792	-0.101171	-0.341084	-0.661114	0.158467	0.062222	-0.0693739	0.401461	0.358415	-0.234147	0.355517	0.073444	-0.40265	0.367247	-0.160876	-0.33001	0.165848	0.45394	0.246606	-0.527616	0.201944	0.26818	-0.0246072	0.0110383	-0.193426	-0.342268	0.576662	-0.0983568	-0.267568	-0.396756	0.211274	0.0437556	-0.345419	-0.0677788	-0.166226	-0.109967	-0.188441	-0.160145	0.0555741	-0.031449	-0.567732	-0.679294	0.232681	0.173044	-0.177051	-0.453172	-0.271733	0.582439	-0.136463	0.414489	0.319428	0.0606885	-0.45313	
0.089852	-0.405092	-0.17629	-0.421537	0.033556	-0.596234	-0.201593	0.559594	-0.394778	-0.212672	-0.0252621	0.824601	-0.452151	0.335336	0.300486	-0.4343	-0.0346146	0.374457	-0.0802182	0.452393	-0.0185199	-0.399324	0.220139	1	-0.506146	0.0434787	-0.208713	0.0733157	-0.110229	0.471647	0.0563316	-0.212228	0.282908	0.0525631	0.189348	0.0643319	0.270272	-0.62105	0.21534	-0.078003	-0.208702	0.307393	-0.155969	0.0159424	0.0501782	-0.0356786	-0.407274	-0.338885	-0.25509	-0.477644	0.457763	0.449172	-0.302177	0.397425	-0.259864	0.0472794	-0.19392	-0.146322	-0.203669	0.702771	-0.365161	-0.288632	0.0615723	-0.285366	0.0119712	0.031912	-0.413578	0.215154	-0.122879	0.328437	-0.177396	0.0423316	-0.108088	0.211097	0.0447682	-0.299611	-0.190404	-0.000477926	-0.433412	0.222506	0.545913	-0.0575728	-0.128842	0.202632	-0.0634611	0.28184	0.372085	0.290572	-0.547595	0.683232	-0.0144456	-0.10407	0.149729	-0.437287	-0.154938	-0.197494	-0.0240289	0.430987	0.103435	0.0759237	0.250486	0.122438	0.190678	0.340746	-0.147751	0.0204049	-0.14016	-0.0411093	0.108032	0.0604386	0.443897	-0.354875	0.0106047	0.395947	0.236213	-0.294996	0.236842	-0.110843	-0.466704	
-0.44759	0.439606	0.184643	0.365826	0.2902	-0.151014	-0.555294	-0.0708984	0.313661	0.394207	-0.00976302	-0.66749	0.322915	-0.122177	0.0382456	0.795225	0.291652	-0.234082	0.14416	-0.194915	0.14507	0.358827	-0.413185	-0.506146	1	0.401831	0.138316	-0.423281	0.157866	-0.271575	-0.0523779	0.0466598	-0.357404	-0.211255	-0.259291	0.420032	-0.295486	0.428462	-0.450772	-0.207904	0.473658	-0.146975	0.129096	-0.238455	0.267969	-0.124727	-0.160909	-0.195736	-0.184279	0.00159442	-0.101456	-0.638008	0.265322	-0.301796	0.239984	0.247808	0.18759	0.2391	0.124514	-0.409122	-0.311518	0.324532	0.121486	0.448196	0.240871	0.159103	-0.0209614	-0.156644	-0.0922717	0.0406723	-0.310399	0.329894	0.054529	-0.142727	-0.389263	0.149092	-0.103349	-0.0271608	0.113531	-0.0274309	-0.060322	0.293517	-0.0745659	-0.329899	-0.20709	-0.0992903	0.178603	-0.623964	0.263938	-0.533295	-0.276409	-0.279755	-0.430967	0.125405	0.342044	0.121383	0.27407	-0.194267	0.0924305	0.0427968	-0.063882	-0.372715	-0.557533	-0.00926747	-0.192395	-0.0832521	-0.0581109	0.222807	0.159716	0.135743	-0.627129	0.519465	0.103549	-0.719357	-0.194628	0.202607	-0.0206041	0.0115066	0.193718	
-0.59857	-0.401939	0.451381	-0.251239	0.198506	-0.50623	-0.505217	-0.089457	-0.273547	-0.0880376	0.469267	0.0912312	-0.135404	0.29055	-0.229323	0.129267	0.158963	-0.0326214	-0.10877	0.0741831	-0.443868	0.217421	-0.396584	0.0434787	0.401831	1	0.0343293	0.234573	-0.384328	-0.509253	-0.236703	-0.0550113	0.0287981	-0.238804	-0.278618	0.388779	-0.407656	0.0470759	-0.0657668	0.208234	0.2415	-0.0454231	0.268854	0.0714149	0.154293	0.365211	0.0432529	-0.415085	-0.378289	-0.207255	0.089542	-0.13647	0.439866	-0.0283271	0.0688842	0.0651002	0.277449	-0.102285	-0.428474	0.241032	-0.105031	-0.202079	0.487962	0.341753	0.286181	0.0274313	-0.42799	0.461367	0.0747935	0.38646	-0.0138089	0.212619	-0.365446	-0.468258	-0.462443	0.292673	0.0149034	0.325066	-0.164365	0.0300894	0.6114	0.50661	-0.00921853	0.027887	-0.0480701	0.402409	-0.209714	0.184609	-0.409873	0.199453	-0.282917	-0.0957914	-0.137239	0.237156	0.354012	0.267729	0.209582	0.502797	0.465462	0.325458	-0.282185	0.0556818	-0.199941	0.215187	0.0697786	-0.181433	0.242105	0.0504391	0.107193	-0.617822	-0.0921573	0.341999	0.654631	-0.298847	0.139134	-0.339191	-0.112411	-0.156389	0.259778	
-0.00573825	-0.166427	0.370558	-0.219104	-0.536157	0.185774	0.34266	-0.38708	-0.166793	-0.49287	-0.133791	-0.307072	0.52158	-0.0257565	0.0713273	-0.176074	-0.130257	0.0448874	0.630309	0.0598699	-0.0685132	-0.0581408	-0.00593557	-0.208713	0.138316	0.0343293	1	0.0339851	0.0550804	-0.349986	0.253316	0.105598	-0.0127227	0.154812	0.12685	0.0669314	0.00408183	0.180899	-0.0851123	0.0806153	-0.199694	0.463803	0.169012	-0.636972	0.21119	0.0412102	-0.314205	0.151778	0.192552	-0.354904	-0.589753	-0.260936	-0.0207277	0.161213	0.31507	-0.230226	-0.0698051	-0.0156731	0.494926	-0.139494	0.130213	-0.245966	-0.179648	0.729429	-0.232621	-0.338369	-0.228279	-0.0107187	-0.384663	-0.386164	0.43374	0.276874	-0.179797	0.324701	0.0632093	0.275329	0.4325	-0.227755	0.246662	0.250272	0.000841777	0.00662571	0.58923	0.100575	-0.261	-0.0825581	-0.357474	-0.0816842	0.225227	0.224926	0.112571	-0.412942	0.159456	0.485655	-0.0715633	-0.573098	-0.0650686	0.139861	-0.254173	-0.287276	-0.578012	0.112303	0.0885373	0.266474	0.2698	0.184291	-0.470434	-0.386872	-0.289407	-0.173794	-0.220675	-0.232225	0.0189616	0.0878044	0.158535	0.202706	0.367584	0.108041	0.176197	
0.429193	-0.330925	0.307353	-0.711795	-0.401203	0.244751	0.455873	-0.281501	-0.247167	-0.339101	0.18527	0.258832	-0.164821	0.0380455	-0.10417	-0.535357	-0.622886	0.416044	-0.182943	0.190868	-0.333636	-0.155045	0.226805	0.0733157	-0.423281	0.234573	0.0339851	1	-0.376653	-0.571884	-0.181224	0.359728	0.208386	-0.347945	-0.0549108	-0.150771	-0.103469	-0.23427	-0.164298	0.0809655	0.00309326	0.101485	-0.250877	0.491347	-0.117619	0.420516	0.472166	0.0328669	0.110709	-0.0205274	-0.323637	0.534117	0.168356	0.39777	-0.475892	-0.0698464	0.306748	-0.267574	-0.0311472	0.521913	0.297992	-0.0656995	0.501758	0.0949297	0.282589	0.0183041	-0.154042	0.222708	-0.00626807	-0.2598	0.704995	-0.104291	-0.30228	-0.330176	0.220778	-0.122619	0.174213	-0.0327102	-0.222527	-0.32266	0.241915	0.110049	0.0355953	0.181405	0.167152	-0.266831	-0.365057	0.672974	-0.299243	0.146423	0.0919429	0.164405	0.422254	0.099924	-0.0506652	0.235981	-0.385771	0.493555	-0.117282	0.164906	-0.379778	0.491558	0.143531	0.37588	0.594998	-0.0141247	0.261599	-0.354024	-0.405324	-0.700952	0.306102	-0.222868	0.400729	0.458903	0.422738	-0.144196	-0.221588	-0.572418	-0.110375	
0.155859	0.403262	-0.35464	0.429633	0.214778	0.410158	-0.196658	0.294696	0.617467	-0.192206	-0.411903	-0.54528	0.505815	0.0527303	0.344608	0.210797	0.365724	-0.434413	-0.137982	-0.589543	0.202104	0.382813	0.458406	-0.110229	0.157866	-0.384328	0.0550804	-0.376653	1	0.417772	0.516974	0.421596	-0.179467	0.381857	0.388635	0.00795697	0.216495	0.132202	-0.446305	-0.170533	0.223049	0.445927	-0.246119	0.0900757	-0.195697	-0.511009	-0.0823745	0.301246	-0.226769	0.0575879	0.372759	-0.503679	-0.226883	0.0229205	0.23461	-0.231844	-0.0656371	-0.17273	0.380948	0.0322372	-0.351	0.218346	-0.595628	0.360972	-0.0916121	0.440983	0.324681	-0.125243	-0.396889	-0.376843	-0.162166	-0.0439429	0.408356	0.322512	0.252699	0.242155	0.0229492	-0.0348379	-0.351526	0.322744	-0.468946	-0.205915	-0.189533	-0.0388942	0.224187	-0.281437	0.548222	-0.10142	0.163249	-0.244687	0.234027	-0.451913	-0.16625	-0.263434	-0.100201	-0.636149	0.607342	-0.484655	0.0233333	-0.46223	-0.142211	-0.101451	-0.466057	-0.49982	-0.398879	-0.567643	-0.516753	-0.369094	0.210251	0.243964	-0.521188	-0.25134	-0.528207	0.129096	-0.287279	0.716366	0.117365	0.381588	0.0277936	
0.0676754	0.339483	-0.511206	0.417608	0.274087	-0.106433	-0.197246	0.470827	0.0560855	0.0227341	-0.267953	0.242418	-0.168701	0.0167541	0.233215	0.106992	0.459842	-0.224725	-0.10298	0.0173611	0.411735	-0.050171	0.280347	0.471647	-0.271575	-0.509253	-0.349986	-0.571884	0.417772	1	0.442763	-0.0725504	0.0193678	0.421307	0.19591	0.15296	0.388352	-0.0870261	0.14743	-0.286439	-0.171075	0.212876	-0.211575	-0.0740161	-0.146863	-0.327129	-0.360085	-0.119135	-0.214753	-0.137492	0.676387	-0.0413439	-0.521013	-0.166399	-0.126544	0.156441	-0.236596	0.0304424	-0.0790403	-0.00201733	-0.25205	0.0179035	-0.420508	-0.520917	-0.0928854	0.0254193	0.293604	-0.0308714	-0.0685669	0.156025	-0.400191	-0.062354	0.185705	0.456285	0.200295	-0.089038	-0.366462	-0.0939253	-0.337365	0.406687	-0.17723	-0.454755	-0.0509425	-0.18597	0.130246	0.194707	0.444983	-0.277965	0.125556	0.0788359	-0.105346	-0.0559779	0.0800243	-0.362573	-0.0676213	-0.246577	0.315667	-0.277573	0.0144743	-0.188215	0.327556	-0.232505	-0.0167514	-0.396971	-0.456461	0.0786768	-0.207291	0.207754	0.184064	0.698023	-0.0719684	-0.417385	-0.413903	-0.0461956	-0.124563	0.121357	0.428229	0.243513	-0.432951	
0.098031	0.306009	-0.221599	0.195624	0.195091	0.256483	0.118167	0.156031	-0.030809	-0.156804	-0.410997	-0.297589	0.104676	-0.00262477	0.457795	0.12441	0.160029	-0.264398	0.0983144	-0.101627	0.115188	-0.140809	0.5706	0.0563316	-0.0523779	-0.236703	0.253316	-0.181224	0.516974	0.442763	1	0.254459	-0.18927	0.254112	0.624797	0.403807	0.598315	0.362497	-0.327871	-0.272844	-0.0450287	0.438394	-0.405363	0.092067	-0.120694	-0.531437	-0.514639	0.171346	-0.243446	-0.106381	0.373423	-0.307391	-0.0235301	0.0849742	-0.11644	0.022891	-0.00290594	-0.0939625	0.280544	-0.147184	-0.18965	0.176515	-0.168361	0.171366	-0.323316	0.0848978	0.0834513	-0.268164	-0.051092	-0.340509	0.109173	0.127291	-0.108578	0.371898	-0.0760993	0.166863	0.102585	-0.384826	-0.20029	0.664496	-0.122493	-0.681105	0.178728	0.188555	-0.128901	-0.082402	0.187007	-0.0153699	0.18135	0.0952979	-0.0921495	-0.652654	0.440948	-0.130843	0.251377	-0.557609	0.669647	-0.175267	0.152076	-0.56075	-0.141872	0.0465653	-0.00785905	-0.506471	0.0834718	0.0284853	-0.595794	-0.361228	0.116936	0.269031	-0.684089	-0.36569	-0.308889	-0.0556087	0.299174	0.343851	0.776995	0.189754	-0.18404	
0.26198	0.284805	-0.0839634	-0.186696	-0.348788	0.547861	0.107722	-0.346192	0.480904	-0.475129	0.206617	-0.34247	0.136675	-0.336713	0.100364	0.191627	0.00814822	-0.416018	-0.220743	-0.327158	-0.040119	0.497598	0.492532	-0.212228	0.0466598	-0.0550113	0.105598	0.359728	0.421596	-0.0725504	0.254459	1	-0.0770541	0.250117	0.0806874	0.215965	0.126563	0.15954	-0.499969	-0.163309	0.0207691	0.663991	-0.567432	0.146115	-0.450935	-0.106565	0.443521	0.149881	-0.431803	-0.192188	-0.139052	-0.363697	-0.333562	0.16146	-0.0555287	0.137012	-0.0843978	-0.495412	0.365464	0.302048	-0.186659	0.418892	-0.0896891	0.344355	0.450841	0.182578	0.310993	0.401441	-0.31973	-0.434686	0.57532	-0.0316361	0.254298	-0.1815	0.331658	-0.127864	0.355862	0.143024	-0.539299	0.134031	-0.520282	0.225677	0.365394	-0.0394149	0.246883	-0.557009	0.0850502	0.161642	0.445356	-0.327203	-0.228942	-0.044195	0.315974	0.123731	0.138043	-0.0717637	0.0798933	0.290853	-0.435503	0.0262545	-0.668058	-0.0739152	-0.451751	-0.102921	0.369411	-0.164102	-0.337436	-0.255644	-0.0339026	-0.146136	-0.304901	-0.541266	0.0597872	0.188762	-0.174652	0.312794	0.106237	-0.487602	-0.205473	
0.387196	-0.403053	0.455711	-0.474887	-0.4912	-0.166607	0.129481	-0.155948	-0.483275	-0.21452	0.239291	0.431668	-0.472155	-0.0976486	-0.226318	-0.375175	-0.432723	-0.0317738	0.424795	0.281151	0.0224264	0.113296	-0.0764789	0.282908	-0.357404	0.0287981	-0.0127227	0.208386	-0.179467	0.0193678	-0.18927	-0.0770541	1	-0.1023	-0.375211	-0.435038	-0.0263159	0.186897	0.349457	-0.410362	-0.724159	0.174518	0.529849	-0.0230952	-0.642105	0.323754	0.221846	0.421848	0.0872173	-0.245375	-0.0372814	0.0761173	0.205679	0.565856	-0.119333	-0.105593	-0.110251	-0.301223	0.190247	0.171553	-0.0720532	0.123256	0.00984741	-0.13863	0.414547	0.45169	-0.540118	0.220912	-0.146764	0.0863337	0.363774	0.516684	0.007882	-0.00668876	-0.0523508	-0.202827	0.127119	-0.200789	-0.326031	0.377039	0.08084	-0.0790567	0.0390928	0.0274939	-0.192851	-0.0866708	-0.0623374	0.257466	-0.360749	0.467961	-0.00687973	-0.147363	-0.363944	-0.162303	0.279249	0.230243	-0.323318	0.348583	-0.0360385	-0.323752	-0.053256	-0.225226	0.444763	-0.0696227	-0.058339	-0.250878	0.132513	-0.239687	-0.449377	-0.109632	0.273254	0.00351079	0.623556	0.416362	0.24759	0.147785	0.177298	-0.103593	-0.242823	
-0.370764	-0.0407653	-0.601534	0.372415	0.0213612	0.312851	0.153461	-0.29582	0.45649	-0.575181	0.386052	0.0300722	0.180253	-0.340142	0.242684	0.123889	0.592153	-0.602618	-0.288094	-0.609137	0.229216	0.146609	0.474493	0.0525631	-0.211255	-0.238804	0.154812	-0.347945	0.381857	0.421307	0.254112	0.250117	-0.1023	1	0.345266	0.262011	0.409086	-0.144101	0.468581	0.422328	-0.272349	0.404941	0.034086	-0.35929	-0.201774	-0.178318	-0.0261103	0.00559944	-0.0970856	-0.410117	0.178978	-0.311342	-0.361693	-0.279431	0.511205	0.169195	-0.628859	-0.604961	-0.152802	-0.0374423	0.123446	-0.224702	-0.853374	0.0992391	-0.234304	-0.275464	0.275798	0.397949	-0.406586	-0.263884	-0.145758	-0.0145534	0.019673	0.457144	0.40752	0.196689	0.346793	0.603393	-0.19714	0.437356	-0.279135	0.0994405	0.556737	0.154822	0.445772	0.0587415	-0.129844	-0.105732	0.255728	0.0180712	-0.323026	0.0350662	0.284688	0.444052	-0.402057	-0.406173	0.212292	-0.0191161	-0.33844	0.234875	-0.346188	-0.411005	-0.274138	-0.253165	-0.322053	0.0704289	-0.421299	-0.245149	0.365516	0.274289	-0.0167528	-0.446006	-0.20481	0.25799	-0.699685	0.221932	0.187543	0.477649	-0.0857575	
-0.0230224	-0.139707	-0.602877	0.0224347	0.299485	0.174327	0.224242	0.258059	0.245858	-0.0830369	-0.212064	-0.0674722	0.0260524	0.0130862	0.679859	-0.0840278	-0.00556096	-0.0756246	-0.228827	-0.27443	-0.126021	-0.420346	0.733569	0.189348	-0.259291	-0.278618	0.12685	-0.0549108	0.388635	0.19591	0.624797	0.0806874	-0.375211	0.345266	1	0.117306	0.776395	-0.167963	-0.0491033	0.291415	0.0050464	0.227147	-0.458349	0.177354	0.0181779	-0.777236	-0.453796	0.264148	-0.145047	0.000173709	0.203069	-0.0555478	0.038777	0.272268	0.252579	-0.102576	-0.419117	-0.287214	0.1733	0.103627	-0.23018	0.0686552	-0.303993	0.20414	-0.716563	0.0453517	-0.0827269	-0.338554	0.0782445	-0.315944	-0.138744	-0.181043	0.0767601	0.244228	-0.109876	-0.105214	0.450416	0.0537879	0.124844	0.349463	-0.0315021	-0.314991	0.00827416	0.7584	-0.137766	-0.163067	0.310817	0.318205	-0.0618092	0.25076	0.104596	-0.429025	0.426656	-0.236368	-0.166887	-0.619481	0.469421	-0.0742198	0.0579148	-0.209496	0.157193	0.124008	0.0749654	-0.192327	0.130484	-0.0590752	-0.718239	-0.487608	0.599737	0.118099	-0.179972	-0.135701	-0.574403	0.406454	-0.0501078	0.0809847	0.286392	0.335051	0.0482431	
