1	-0.890004	0.714231	0.983736	0.99443	0.95822	0.994645	0.27913	0.987005	0.86954	0.923436	0.944176	0.582559	0.439118	0.989287	0.74798	-0.0314669	0.508873	0.448967	0.371978	0.483585	0.981724	0.974233	0.856091	0.701252	0.898884	0.8307	0.714603	0.969197	-0.998926	-0.999253	-0.977746	-0.762562	-0.952116	0.688327	0.336395	0.67034	-0.898768	0.441649	0.456703	-0.833081	-0.79733	-0.958531	-0.95643	-0.972487	0.653459	-0.996798	0.948936	0.676834	0.146684	0.212454	-0.708767	0.971733	0.385427	-0.978948	-0.81885	-0.0291103	-0.965888	-0.952026	0.384904	-0.999515	-0.009484	0.761154	0.909596	-0.993259	-0.922278	-0.80044	-0.95477	0.21073	0.775106	-0.263867	-0.989808	0.944998	0.730203	0.993998	-0.0594204	0.996966	0.088714	0.616833	0.95564	0.808216	0.91547	-0.214059	0.865411	0.945297	0.907913	0.96968	0.951821	0.826974	-0.995384	-0.277026	0.735568	-0.864086	0.876394	0.996806	0.980241	0.945207	0.99949	-0.914326	0.998734	
-0.890004	1	-0.370053	-0.95467	-0.85705	-0.756975	-0.861813	-0.483724	-0.885293	-0.968989	-0.655278	-0.973025	-0.821565	-0.69635	-0.941092	-0.904048	-0.285078	-0.724671	-0.667265	-0.632617	-0.801974	-0.79198	-0.782421	-0.935932	-0.887718	-0.998761	-0.989625	-0.49927	-0.974873	0.905822	0.881398	0.81421	0.468827	0.93402	-0.381402	-0.661681	-0.492586	0.995071	-0.0738783	-0.0397325	0.980455	0.732295	0.933138	0.947377	0.92924	-0.253528	0.919589	-0.923863	-0.289591	-0.467189	-0.526855	0.473167	-0.760073	-0.428596	0.856927	0.96291	0.421118	0.957126	0.71875	0.00183224	0.878594	0.379179	-0.507562	-0.653509	0.891878	0.935443	0.868364	0.953303	-0.565212	-0.453398	-0.184982	0.904647	-0.72274	-0.39724	-0.858389	0.259493	-0.916637	-0.524263	-0.256192	-0.980733	-0.945564	-0.97308	-0.11913	-0.966363	-0.987327	-0.969527	-0.83577	-0.980967	-0.503723	0.89177	0.00206221	-0.849345	0.637233	-0.982402	-0.868484	-0.80643	-0.739374	-0.895429	0.969404	-0.867596	
0.714231	-0.370053	1	0.584172	0.779158	0.882063	0.775119	-0.408297	0.657694	0.28455	0.917441	0.444998	-0.152062	-0.30853	0.607973	0.0710877	-0.704139	-0.224332	-0.280909	-0.372083	-0.0275245	0.830232	0.853448	0.254031	0.00256792	0.405117	0.279589	0.929905	0.548354	-0.701708	-0.732233	-0.835697	-0.988649	-0.476542	0.987911	-0.418075	0.885611	-0.358214	0.940899	0.942079	-0.225717	-0.307533	-0.495353	-0.482053	-0.541047	0.976963	-0.656459	0.678478	0.986218	-0.580477	-0.526334	-0.93071	0.813238	-0.18384	-0.640015	-0.188685	0.677234	-0.508844	-0.817805	0.92067	-0.734887	0.692662	0.966212	0.940427	-0.657316	-0.398445	-0.181589	-0.475379	-0.526032	0.994611	-0.829055	-0.728048	0.903278	0.999139	0.77956	0.56639	0.690823	-0.505043	0.989194	0.495971	0.166605	0.373163	-0.820836	0.267862	0.46449	0.355635	0.635499	0.535304	0.979474	-0.709037	-0.812659	0.0747059	-0.941976	0.295347	0.762298	0.836716	0.897529	0.695332	-0.370942	0.747556	
0.983736	-0.95467	0.584172	1	0.963862	0.897559	0.965528	0.401429	0.97944	0.940831	0.839752	0.986218	0.709718	0.575376	0.999013	0.844807	0.120568	0.632175	0.574366	0.509629	0.60416	0.931881	0.920401	0.924118	0.808485	0.95787	0.910776	0.622346	0.996241	-0.98781	-0.979314	-0.933075	-0.650303	-0.980255	0.565623	0.490963	0.58826	-0.962803	0.288017	0.29252	-0.917272	-0.819794	-0.98353	-0.986426	-0.989379	0.507367	-0.994598	0.95203	0.535111	0.302174	0.366518	-0.609055	0.918175	0.451367	-0.966183	-0.906506	-0.201347	-0.993704	-0.891788	0.223799	-0.978369	-0.176501	0.660051	0.82491	-0.985384	-0.964137	-0.868971	-0.987372	0.371998	0.655999	-0.0888824	-0.976875	0.875811	0.604089	0.963675	-0.177065	0.99017	0.254438	0.474447	0.991468	0.894692	0.969671	-0.0611918	0.937516	0.98829	0.964844	0.954044	0.984912	0.714698	-0.979792	-0.142758	0.821837	-0.780978	0.947722	0.970509	0.93313	0.880542	0.98681	-0.967843	0.973528	
0.99443	-0.85705	0.779158	0.963862	1	0.982389	0.999907	0.179376	0.972923	0.819849	0.950608	0.907872	0.498909	0.344719	0.971125	0.676791	-0.135515	0.416718	0.353786	0.273615	0.452521	0.992725	0.991057	0.798233	0.626121	0.870811	0.793136	0.782713	0.948595	-0.993153	-0.996774	-0.994402	-0.825458	-0.91469	0.759651	0.242482	0.740899	-0.860137	0.530157	0.535882	-0.781831	-0.738527	-0.923316	-0.920901	-0.942693	0.714003	-0.983812	0.955484	0.738034	0.0445566	0.111823	-0.773755	0.977451	0.294394	-0.95819	-0.761774	0.0667677	-0.934896	-0.958861	0.474407	-0.997013	0.0901755	0.82482	0.945684	-0.977658	-0.876711	-0.733077	-0.91925	0.115179	0.832931	-0.342513	-0.992446	0.972715	0.794108	0.999932	0.0445094	0.991102	0.0270847	0.690806	0.928033	0.746192	0.871667	-0.314432	0.812261	0.915061	0.862213	0.947679	0.9347	0.874024	-0.989722	-0.373934	0.66129	-0.910965	0.828539	0.999641	0.995164	0.974039	0.990742	-0.869697	0.997558	
0.95822	-0.756975	0.882063	0.897559	0.982389	1	0.981264	0.00660248	0.924139	0.700287	0.984114	0.813641	0.328301	0.164268	0.909591	0.527557	-0.315325	0.242319	0.177556	0.0911163	0.342083	0.990731	0.997226	0.672657	0.469553	0.778167	0.683075	0.869942	0.876743	-0.954213	-0.965523	-0.995677	-0.915527	-0.825978	0.86637	0.0574017	0.827172	-0.754263	0.679191	0.680242	-0.65577	-0.637072	-0.838147	-0.83301	-0.866503	0.822869	-0.933199	0.923774	0.844456	-0.141979	-0.0750489	-0.861974	0.972346	0.154769	-0.905758	-0.628542	0.250806	-0.852307	-0.958888	0.630405	-0.966345	0.274653	0.910177	0.989224	-0.927342	-0.774077	-0.599817	-0.830108	-0.0699736	0.920873	-0.499095	-0.963229	0.998678	0.893403	0.982587	0.210493	0.949949	-0.121211	0.812855	0.84528	0.609091	0.764916	-0.483878	0.689043	0.826435	0.752443	0.895775	0.863922	0.945614	-0.953328	-0.52828	0.514637	-0.966415	0.710601	0.977044	0.99583	0.998854	0.949541	-0.762543	0.970308	
0.994645	-0.861813	0.775119	0.965528	0.999907	0.981264	1	0.179961	0.971883	0.822624	0.947669	0.91034	0.503428	0.348716	0.972233	0.680451	-0.131674	0.419879	0.356299	0.27766	0.462708	0.991353	0.989986	0.800653	0.630505	0.875627	0.799556	0.782821	0.951259	-0.993937	-0.996704	-0.994021	-0.822756	-0.915804	0.757167	0.24863	0.741788	-0.863969	0.52554	0.529656	-0.786969	-0.736633	-0.924255	-0.922398	-0.943409	0.707981	-0.984552	0.958495	0.732275	0.0489563	0.116217	-0.774572	0.974895	0.292975	-0.957444	-0.76557	0.0602148	-0.936682	-0.955154	0.46921	-0.996999	0.0845301	0.823766	0.943427	-0.97728	-0.878101	-0.734445	-0.920806	0.122331	0.82975	-0.333722	-0.993705	0.971089	0.79056	0.999964	0.043892	0.992053	0.0384666	0.686955	0.931229	0.750343	0.874619	-0.310755	0.815638	0.918207	0.864835	0.946332	0.937678	0.869966	-0.99078	-0.373179	0.662927	-0.910537	0.832221	0.999684	0.994518	0.972937	0.990915	-0.872712	0.997416	
0.27913	-0.483724	-0.408297	0.401429	0.179376	0.00660248	0.179961	1	0.383169	0.658846	-0.02446	0.535249	0.880775	0.946601	0.392194	0.80153	0.917809	0.946371	0.970886	0.956686	0.322014	0.132393	0.07371	0.713326	0.818949	0.439782	0.487142	-0.459822	0.398844	-0.275839	-0.257431	-0.0772899	0.378273	-0.551907	-0.484329	0.896052	-0.489783	-0.547146	-0.679961	-0.590368	-0.623041	-0.72139	-0.536641	-0.533986	-0.492411	-0.376533	-0.344103	0.147923	-0.371581	0.947065	0.952618	0.472882	0.189204	0.910191	-0.410426	-0.700569	-0.849089	-0.493381	-0.189593	-0.702316	-0.253472	-0.882819	-0.404866	-0.108811	-0.377994	-0.621135	-0.791811	-0.537071	0.858678	-0.342436	0.596606	-0.198911	-0.0261451	-0.401821	0.173898	-0.958653	0.279556	0.494793	-0.526937	0.446883	0.721473	0.591113	0.848793	0.667041	0.47838	0.616642	0.426445	0.372331	-0.217023	-0.2571	0.845051	0.850498	0.241385	0.623724	0.204112	0.0920354	-0.0381928	0.308892	-0.594887	0.23953	
0.987005	-0.885293	0.657694	0.97944	0.972923	0.924139	0.971883	0.383169	1	0.899532	0.893343	0.951302	0.635777	0.506858	0.987043	0.786389	0.04986	0.577235	0.528111	0.439367	0.446311	0.960789	0.945154	0.886729	0.738777	0.888405	0.8153	0.634217	0.960658	-0.982412	-0.987209	-0.947799	-0.704287	-0.965595	0.616595	0.38933	0.587805	-0.906357	0.371135	0.399245	-0.839137	-0.846261	-0.971843	-0.966299	-0.981776	0.609672	-0.988922	0.914135	0.634132	0.224668	0.289899	-0.60997	0.964261	0.466523	-0.982143	-0.847657	-0.0911673	-0.969818	-0.953969	0.315603	-0.985261	-0.0794996	0.688833	0.869545	-0.995946	-0.944475	-0.845996	-0.966287	0.253523	0.716086	-0.23262	-0.965086	0.910154	0.670037	0.970838	-0.15688	0.981839	0.0776459	0.545889	0.946625	0.830417	0.926356	-0.12961	0.886377	0.944043	0.926463	0.979008	0.944038	0.787126	-0.969839	-0.167191	0.793575	-0.79836	0.892525	0.977242	0.951728	0.907108	0.990147	-0.924148	0.982672	
0.86954	-0.968989	0.28455	0.940831	0.819849	0.700287	0.822624	0.658846	0.899532	1	0.619434	0.979884	0.899411	0.806034	0.931887	0.965629	0.428279	0.840476	0.799705	0.750671	0.694623	0.763294	0.738106	0.987054	0.948054	0.957494	0.944476	0.348207	0.948596	-0.877417	-0.859294	-0.760693	-0.3673	-0.962241	0.262213	0.741849	0.326303	-0.987654	-0.0404682	-0.0337212	-0.979569	-0.848273	-0.959598	-0.966398	-0.948204	0.206457	-0.905624	0.841283	0.237554	0.59405	0.649369	-0.317192	0.759033	0.613702	-0.879936	-0.993261	-0.507936	-0.963031	-0.73148	-0.107885	-0.855431	-0.487	0.379917	0.591724	-0.898976	-0.97653	-0.954472	-0.97152	0.636228	0.366961	0.21464	-0.853503	0.666773	0.30581	0.818593	-0.448288	0.885693	0.475485	0.153587	0.959863	0.9807	0.987918	0.263807	0.994441	0.973011	0.993493	0.87039	0.94326	0.449392	-0.858329	0.180797	0.946938	-0.528505	0.995555	0.834493	0.760005	0.673698	0.881435	-0.985687	0.843917	
0.923436	-0.655278	0.917441	0.839752	0.950608	0.984114	0.947669	-0.02446	0.893343	0.619434	1	0.747764	0.240675	0.0911418	0.858459	0.452404	-0.363885	0.179882	0.121842	0.0267134	0.182245	0.979401	0.982483	0.610692	0.388243	0.675947	0.569342	0.842809	0.804841	-0.912048	-0.931347	-0.967306	-0.924473	-0.782229	0.881185	-0.0376085	0.784326	-0.663163	0.728594	0.75971	-0.55949	-0.648929	-0.795024	-0.78293	-0.825398	0.893779	-0.890302	0.843159	0.906224	-0.210794	-0.148656	-0.849567	0.976543	0.18264	-0.892555	-0.539251	0.347423	-0.797122	-0.97382	0.692884	-0.933865	0.355749	0.900806	0.992355	-0.898117	-0.725661	-0.557029	-0.776479	-0.164309	0.947324	-0.610189	-0.910417	0.990517	0.923377	0.949801	0.214401	0.902063	-0.27332	0.857025	0.77268	0.529242	0.695365	-0.5275	0.612231	0.748706	0.682884	0.889751	0.779326	0.977229	-0.91728	-0.543997	0.462135	-0.951453	0.625495	0.94334	0.973681	0.982037	0.914979	-0.694918	0.941476	
0.944176	-0.973025	0.444998	0.986218	0.907872	0.813641	0.91034	0.535249	0.951302	0.979884	0.747764	1	0.815344	0.701747	0.981129	0.921474	0.282214	0.749493	0.697805	0.644207	0.654413	0.864955	0.846234	0.973091	0.89462	0.968809	0.94199	0.49012	0.986908	-0.95007	-0.93499	-0.861217	-0.515955	-0.991233	0.422505	0.626751	0.457635	-0.986834	0.126697	0.138536	-0.964848	-0.860109	-0.990728	-0.995573	-0.987564	0.371442	-0.967454	0.905993	0.398285	0.454772	0.514071	-0.480457	0.85634	0.55746	-0.946025	-0.96113	-0.356572	-0.996716	-0.827276	0.0617631	-0.93395	-0.3354	0.528619	0.722899	-0.959518	-0.989176	-0.931172	-0.997105	0.517736	0.525859	0.0605869	-0.929279	0.786055	0.46674	0.90744	-0.324863	0.953636	0.368114	0.326274	0.993633	0.956027	0.996697	0.103711	0.98194	0.995318	0.994627	0.934659	0.973555	0.595933	-0.94169	0.0141909	0.898848	-0.669905	0.985287	0.918705	0.8626	0.790737	0.951847	-0.995761	0.926614	
0.582559	-0.821565	-0.152062	0.709718	0.498909	0.328301	0.503428	0.880775	0.635777	0.899411	0.240675	0.815344	1	0.981069	0.691055	0.973826	0.776288	0.983106	0.96662	0.959206	0.696454	0.423395	0.384429	0.915236	0.98598	0.792639	0.838346	-0.0784863	0.72887	-0.594304	-0.561418	-0.409251	0.0721511	-0.792334	-0.178645	0.957812	-0.0905023	-0.850617	-0.469269	-0.446221	-0.908591	-0.777366	-0.779939	-0.791144	-0.746538	-0.207414	-0.644994	0.546059	-0.184939	0.88395	0.914236	0.0928769	0.432365	0.767867	-0.641572	-0.937022	-0.825252	-0.772377	-0.402396	-0.525277	-0.558157	-0.817469	-0.0525129	0.192633	-0.641988	-0.841583	-0.923668	-0.796882	0.90194	-0.061724	0.580005	-0.549576	0.285595	-0.129795	0.497398	-0.751211	0.604372	0.693152	-0.279799	0.769144	0.945173	0.857695	0.654565	0.909966	0.792567	0.869147	0.635416	0.719818	0.0330915	-0.578481	0.5645	0.957771	-0.120374	0.892889	0.521861	0.411924	0.291544	0.604277	-0.858238	0.542171	
0.439118	-0.69635	-0.30853	0.575376	0.344719	0.164268	0.348716	0.946601	0.506858	0.806034	0.0911418	0.701747	0.981069	1	0.556946	0.923044	0.879872	0.994551	0.992914	0.994949	0.598244	0.273284	0.227045	0.840175	0.943206	0.660298	0.720491	-0.265353	0.591288	-0.448005	-0.415042	-0.246024	0.243686	-0.688249	-0.34796	0.98015	-0.280524	-0.735567	-0.610036	-0.565864	-0.813875	-0.74227	-0.672831	-0.681609	-0.632188	-0.33573	-0.507152	0.376322	-0.320717	0.953094	0.970934	0.27102	0.29656	0.831866	-0.5273	-0.855029	-0.891091	-0.654158	-0.273082	-0.654153	-0.412296	-0.896873	-0.233077	0.029419	-0.513742	-0.749099	-0.875208	-0.686258	0.942503	-0.222447	0.658475	-0.390504	0.122544	-0.289738	0.342347	-0.861529	0.456255	0.686065	-0.430518	0.64068	0.87326	0.754894	0.780921	0.821863	0.66685	0.769977	0.527069	0.575786	-0.119433	-0.434338	0.708664	0.922554	0.0575664	0.793881	0.369687	0.252845	0.123539	0.464717	-0.757157	0.396302	
0.989287	-0.941092	0.607973	0.999013	0.971125	0.909591	0.972233	0.392194	0.987043	0.931887	0.858459	0.981129	0.691055	0.556946	1	0.831728	0.0995073	0.617404	0.560701	0.490998	0.569296	0.944079	0.931988	0.91697	0.792625	0.94461	0.891682	0.631823	0.991656	-0.991436	-0.985726	-0.941977	-0.669147	-0.980102	0.584511	0.465015	0.594249	-0.951736	0.313528	0.323782	-0.901419	-0.828019	-0.984032	-0.985062	-0.99109	0.537775	-0.997646	0.947752	0.564417	0.27988	0.344544	-0.618318	0.933815	0.454067	-0.974481	-0.893438	-0.171217	-0.991689	-0.910523	0.251347	-0.984817	-0.149289	0.673711	0.84157	-0.991779	-0.962082	-0.864596	-0.985506	0.342631	0.677212	-0.126505	-0.979009	0.889756	0.626411	0.9706	-0.168101	0.992795	0.212513	0.498553	0.985016	0.881466	0.962369	-0.082845	0.927411	0.981148	0.958019	0.964111	0.97838	0.737876	-0.983395	-0.156079	0.814766	-0.792422	0.93666	0.97712	0.943093	0.892646	0.992187	-0.960639	0.980724	
0.74798	-0.904048	0.0710877	0.844807	0.676791	0.527557	0.680451	0.80153	0.786389	0.965629	0.452404	0.921474	0.973826	0.923044	0.831728	1	0.632438	0.945683	0.916157	0.89027	0.681852	0.614655	0.57963	0.982261	0.997017	0.882252	0.902266	0.119679	0.854077	-0.756266	-0.729383	-0.597709	-0.144183	-0.90941	0.0380769	0.87322	0.0934071	-0.932251	-0.265046	-0.23416	-0.964892	-0.868244	-0.900475	-0.908155	-0.876511	0.0167551	-0.797596	0.693107	0.0387983	0.764569	0.805861	-0.114904	0.622069	0.754901	-0.797566	-0.983175	-0.678477	-0.893849	-0.592563	-0.323848	-0.727698	-0.67017	0.158032	0.405147	-0.79626	-0.941203	-0.978688	-0.911162	0.795824	0.162476	0.394154	-0.713399	0.489874	0.0934856	0.675415	-0.644539	0.762306	0.576618	-0.0581106	0.885619	0.992289	0.94905	0.481824	0.977248	0.899884	0.955337	0.790883	0.837453	0.255227	-0.745788	0.391231	0.986004	-0.330799	0.963474	0.696257	0.602412	0.492947	0.765987	-0.950098	0.715234	
-0.0314669	-0.285078	-0.704139	0.120568	-0.135515	-0.315325	-0.131674	0.917809	0.04986	0.428279	-0.363885	0.282214	0.776288	0.879872	0.0995073	0.632438	1	0.84309	0.873977	0.915445	0.357495	-0.200092	-0.250455	0.48793	0.677463	0.239201	0.340743	-0.686416	0.139309	0.0240839	0.0594626	0.238462	0.669815	-0.274431	-0.745545	0.901512	-0.690415	-0.329753	-0.902087	-0.842345	-0.454453	-0.445706	-0.253241	-0.261302	-0.20033	-0.684835	-0.0437801	-0.101543	-0.685805	0.979624	0.962784	0.674522	-0.161389	0.771397	-0.0929933	-0.508028	-0.955799	-0.222354	0.174764	-0.915897	0.0610559	-0.98068	-0.664024	-0.434655	-0.0589922	-0.356504	-0.566771	-0.264838	0.927513	-0.639749	0.836969	0.0916022	-0.352372	-0.692789	-0.138225	-0.954017	-0.0174978	0.66876	-0.786232	0.204624	0.543583	0.356777	0.982434	0.454702	0.235284	0.376209	0.100403	0.121615	-0.548238	0.0315086	0.940575	0.647011	0.517002	0.411872	-0.109115	-0.228111	-0.355917	-0.00194648	-0.361716	-0.0765842	
0.508873	-0.724671	-0.224332	0.632175	0.416718	0.242319	0.419879	0.946371	0.577235	0.840476	0.179882	0.749493	0.983106	0.994551	0.617404	0.945683	0.84309	1	0.996072	0.986456	0.56465	0.353622	0.305799	0.879487	0.958614	0.689714	0.737067	-0.207576	0.640704	-0.514343	-0.485646	-0.319543	0.166461	-0.745917	-0.274147	0.955943	-0.232795	-0.76861	-0.539995	-0.483022	-0.836571	-0.807569	-0.731733	-0.737191	-0.693865	-0.242243	-0.572225	0.423742	-0.228596	0.923544	0.945392	0.209695	0.382343	0.865197	-0.602322	-0.879867	-0.840112	-0.708913	-0.362074	-0.583306	-0.483395	-0.850406	-0.16446	0.112888	-0.584269	-0.801471	-0.916826	-0.740356	0.906505	-0.13825	0.57755	-0.452703	0.203199	-0.206886	0.413829	-0.852356	0.520061	0.619372	-0.350305	0.687151	0.899752	0.797491	0.731617	0.856145	0.710478	0.812198	0.604483	0.619017	-0.0293365	-0.502085	0.667862	0.954241	-0.0146191	0.826357	0.440726	0.328908	0.200664	0.534115	-0.800411	0.468996	
0.448967	-0.667265	-0.280909	0.574366	0.353786	0.177556	0.356299	0.970886	0.528111	0.799705	0.121842	0.697805	0.96662	0.992914	0.560701	0.916157	0.873977	0.996072	1	0.989432	0.510196	0.293586	0.242559	0.842367	0.930698	0.629462	0.677875	-0.280004	0.580564	-0.452419	-0.42599	-0.254227	0.229116	-0.698687	-0.337504	0.951862	-0.305639	-0.716658	-0.587208	-0.522386	-0.787647	-0.788567	-0.684048	-0.687617	-0.643952	-0.2868	-0.513795	0.352769	-0.275116	0.941572	0.959184	0.286366	0.329667	0.882436	-0.552604	-0.840831	-0.855037	-0.655902	-0.31496	-0.625717	-0.423156	-0.871157	-0.234106	0.0500251	-0.531482	-0.758774	-0.890614	-0.691036	0.905589	-0.199428	0.59406	-0.386626	0.139536	-0.266109	0.350205	-0.889303	0.458077	0.596978	-0.406448	0.627909	0.860332	0.748643	0.773336	0.81314	0.654039	0.76652	0.558296	0.558384	-0.0852245	-0.437925	0.724733	0.935029	0.0576069	0.779813	0.378296	0.264789	0.134777	0.475746	-0.751488	0.408502	
0.371978	-0.632617	-0.372083	0.509629	0.273615	0.0911163	0.27766	0.956686	0.439367	0.750671	0.0267134	0.644207	0.959206	0.994949	0.490998	0.89027	0.915445	0.986456	0.989432	1	0.552775	0.205239	0.156938	0.797409	0.914643	0.594187	0.66381	-0.342874	0.524003	-0.379962	-0.345563	-0.171787	0.316644	-0.635816	-0.415886	0.979521	-0.361089	-0.674666	-0.6641	-0.609113	-0.765337	-0.721052	-0.618615	-0.626734	-0.575096	-0.385281	-0.441393	0.296624	-0.375559	0.970501	0.981657	0.335105	0.233353	0.854653	-0.473906	-0.80624	-0.908212	-0.595757	-0.210719	-0.701625	-0.344111	-0.920191	-0.30745	-0.0413275	-0.450892	-0.700102	-0.843964	-0.629829	0.954919	-0.286689	0.687739	-0.316354	0.0503454	-0.35402	0.271255	-0.899497	0.3862	0.681269	-0.48684	0.579374	0.83387	0.702282	0.826015	0.77365	0.603886	0.716622	0.475347	0.502971	-0.18399	-0.371469	0.75549	0.893322	0.13019	0.740144	0.29917	0.181165	0.0488981	0.3988	-0.706082	0.328927	
0.483585	-0.801974	-0.0275245	0.60416	0.452521	0.342083	0.462708	0.322014	0.446311	0.694623	0.182245	0.654413	0.696454	0.598244	0.569296	0.681852	0.357495	0.56465	0.510196	0.552775	1	0.344537	0.355448	0.632966	0.704834	0.802334	0.867294	0.269545	0.668543	-0.521657	-0.470681	-0.415311	-0.106615	-0.554575	0.058816	0.68502	0.323417	-0.757039	-0.211752	-0.333953	-0.797584	-0.273513	-0.54775	-0.583423	-0.534777	-0.206376	-0.530415	0.668153	-0.166005	0.497105	0.533267	-0.242597	0.267231	0.105998	-0.399348	-0.743043	-0.59125	-0.6054	-0.202956	-0.290906	-0.467892	-0.515579	0.208137	0.222716	-0.461844	-0.57243	-0.535487	-0.59583	0.669097	0.053372	0.56778	-0.55561	0.296877	0.0101461	0.458712	-0.159051	0.545559	0.863906	-0.0978101	0.689271	0.720933	0.676506	0.263169	0.702146	0.70178	0.665763	0.358304	0.711239	0.0449504	-0.510966	0.0730937	0.556537	-0.302339	0.735104	0.465821	0.391271	0.336422	0.486247	-0.668491	0.450405	
0.981724	-0.79198	0.830232	0.931881	0.992725	0.990731	0.991353	0.132393	0.960789	0.763294	0.979401	0.864955	0.423395	0.273284	0.944079	0.614655	-0.200092	0.353622	0.293586	0.205239	0.344537	1	0.997766	0.750025	0.55821	0.807025	0.717517	0.795097	0.907266	-0.975575	-0.985654	-0.992721	-0.860053	-0.885459	0.799298	0.155618	0.743736	-0.8002	0.594737	0.616554	-0.713079	-0.735761	-0.895378	-0.888326	-0.917953	0.785367	-0.963558	0.917127	0.804467	-0.0298823	0.0357611	-0.79287	0.993029	0.287216	-0.953862	-0.696331	0.158381	-0.900623	-0.981509	0.546901	-0.986758	0.173355	0.847414	0.969291	-0.965389	-0.841815	-0.693404	-0.884556	0.0258626	0.876351	-0.441805	-0.970822	0.986926	0.841381	0.992052	0.0791278	0.969932	-0.0892288	0.748784	0.883371	0.684319	0.823551	-0.376335	0.756198	0.866662	0.813827	0.94762	0.886493	0.918364	-0.975243	-0.416485	0.613053	-0.925203	0.769145	0.990303	0.996806	0.983135	0.977149	-0.822552	0.989973	
0.974233	-0.782421	0.853448	0.920401	0.991057	0.997226	0.989986	0.07371	0.945154	0.738106	0.982483	0.846234	0.384429	0.227045	0.931988	0.57963	-0.250455	0.305799	0.242559	0.156938	0.355448	0.997766	1	0.718762	0.522993	0.800441	0.710208	0.832447	0.898329	-0.96966	-0.979261	-0.996864	-0.885781	-0.861952	0.830927	0.11641	0.785431	-0.784694	0.631641	0.642723	-0.693953	-0.691346	-0.87267	-0.867063	-0.897765	0.800294	-0.953294	0.925635	0.820415	-0.0781663	-0.0119364	-0.829765	0.984221	0.225815	-0.934325	-0.670237	0.195913	-0.882895	-0.970667	0.582778	-0.980501	0.215829	0.87852	0.979734	-0.950429	-0.814353	-0.653535	-0.86358	-0.010809	0.897493	-0.461347	-0.971535	0.994143	0.865376	0.990973	0.139938	0.964695	-0.0933551	0.778038	0.871841	0.65579	0.801889	-0.424281	0.730541	0.85356	0.79014	0.925595	0.881179	0.930388	-0.970111	-0.470318	0.57038	-0.947766	0.74765	0.98739	0.999018	0.992606	0.967722	-0.800272	0.984021	
0.856091	-0.935932	0.254031	0.924118	0.798233	0.672657	0.800653	0.713326	0.886729	0.987054	0.610692	0.973091	0.915236	0.840175	0.91697	0.982261	0.48793	0.879487	0.842367	0.797409	0.632966	0.750025	0.718762	1	0.965627	0.92048	0.914271	0.277092	0.924077	-0.860398	-0.841563	-0.731198	-0.319486	-0.970927	0.21503	0.76637	0.240861	-0.964089	-0.0843303	-0.0484465	-0.970134	-0.910848	-0.965819	-0.969462	-0.950797	0.203022	-0.893169	0.787227	0.225222	0.636748	0.686441	-0.272099	0.757803	0.714747	-0.895331	-0.984836	-0.529122	-0.959131	-0.732437	-0.143518	-0.840338	-0.521175	0.324544	0.566092	-0.895138	-0.987789	-0.987339	-0.97089	0.669479	0.340517	0.217966	-0.821156	0.640833	0.274497	0.79662	-0.533498	0.863648	0.445759	0.125502	0.944779	0.989967	0.986476	0.320493	0.994553	0.953129	0.990323	0.889712	0.903842	0.431138	-0.851151	0.240711	0.974783	-0.488281	0.984594	0.81403	0.736961	0.641211	0.870565	-0.987243	0.830828	
0.701252	-0.887718	0.00256792	0.808485	0.626121	0.469553	0.630505	0.818949	0.738777	0.948054	0.388243	0.89462	0.98598	0.943206	0.792625	0.997017	0.677463	0.958614	0.930698	0.914643	0.704834	0.55821	0.522993	0.965627	1	0.864278	0.895822	0.0658816	0.822409	-0.711733	-0.680939	-0.543709	-0.0791549	-0.877274	-0.025223	0.906015	0.0443152	-0.913752	-0.328859	-0.302471	-0.957467	-0.838128	-0.866834	-0.87674	-0.839859	-0.0552195	-0.755121	0.656283	-0.0332787	0.802736	0.840498	-0.0636261	0.56328	0.755395	-0.752208	-0.973748	-0.728719	-0.861798	-0.53046	-0.387474	-0.679327	-0.718962	0.0987321	0.341869	-0.750656	-0.913955	-0.963425	-0.880189	0.838418	0.0958988	0.461831	-0.668925	0.429638	0.0261899	0.625088	-0.672967	0.7187	0.631451	-0.124144	0.858248	0.985363	0.927408	0.534333	0.96244	0.8739	0.933635	0.744178	0.807289	0.18618	-0.701894	0.435785	0.977306	-0.273178	0.947956	0.646745	0.547665	0.434404	0.720047	-0.928836	0.665952	
0.898884	-0.998761	0.405117	0.95787	0.870811	0.778167	0.875627	0.439782	0.888405	0.957494	0.675947	0.968809	0.792639	0.660298	0.94461	0.882252	0.239201	0.689714	0.629462	0.594187	0.802334	0.807025	0.800441	0.92048	0.864278	1	0.987373	0.539623	0.978481	-0.915147	-0.891365	-0.832723	-0.50455	-0.928187	0.420678	0.626871	0.534158	-0.99031	0.116397	0.0767158	-0.970537	-0.712005	-0.928212	-0.942829	-0.92681	0.284127	-0.925394	0.9403	0.320874	0.424568	0.485593	-0.513363	0.771345	0.389087	-0.85769	-0.948441	-0.382113	-0.955083	-0.729076	0.0400592	-0.888683	-0.337372	0.545331	0.678775	-0.895292	-0.925624	-0.846867	-0.948714	0.529471	0.486745	0.153159	-0.918177	0.745	0.432522	0.872457	-0.211718	0.925961	0.507098	0.294856	0.981566	0.929371	0.965508	0.0726734	0.954114	0.986568	0.960516	0.835224	0.986077	0.531567	-0.901653	-0.0507831	0.823858	-0.669004	0.972965	0.881106	0.823978	0.762621	0.90275	-0.961562	0.878234	
0.8307	-0.989625	0.279589	0.910776	0.793136	0.683075	0.799556	0.487142	0.8153	0.944476	0.569342	0.94199	0.838346	0.720491	0.891682	0.902266	0.340743	0.737067	0.677875	0.66381	0.867294	0.717517	0.710208	0.914271	0.895822	0.987373	1	0.441529	0.940065	-0.851587	-0.818409	-0.746375	-0.385082	-0.892177	0.304138	0.711324	0.442836	-0.977452	-0.0097268	-0.0550814	-0.982862	-0.681458	-0.888604	-0.907875	-0.880781	0.152496	-0.866274	0.887101	0.187684	0.514457	0.568909	-0.427703	0.676971	0.413104	-0.795323	-0.953455	-0.492382	-0.918423	-0.626908	-0.0865087	-0.816784	-0.445177	0.43911	0.57124	-0.82971	-0.898619	-0.843689	-0.913836	0.634459	0.368964	0.29138	-0.852541	0.644945	0.31072	0.795702	-0.281639	0.863572	0.627164	0.173088	0.954336	0.943273	0.949855	0.182645	0.950939	0.960053	0.943032	0.769426	0.94808	0.409533	-0.842663	0.0367962	0.830454	-0.573076	0.967171	0.806081	0.737056	0.665468	0.836522	-0.946872	0.804737	
0.714603	-0.49927	0.929905	0.622346	0.782713	0.869942	0.782821	-0.459822	0.634217	0.348207	0.842809	0.49012	-0.0784863	-0.265353	0.631823	0.119679	-0.686416	-0.207576	-0.280004	-0.342874	0.269545	0.795097	0.832447	0.277092	0.0658816	0.539623	0.441529	1	0.618038	-0.718912	-0.732135	-0.842282	-0.968397	-0.472493	0.971747	-0.314886	0.993168	-0.456848	0.879258	0.80775	-0.33568	-0.175711	-0.490486	-0.493112	-0.535273	0.831092	-0.66799	0.791735	0.856596	-0.532593	-0.472858	-0.979822	0.738248	-0.3479	-0.583755	-0.271398	0.553366	-0.534432	-0.718582	0.836415	-0.732554	0.604471	0.991059	0.901207	-0.634963	-0.398181	-0.158389	-0.492922	-0.409836	0.936649	-0.63117	-0.775155	0.878328	0.940388	0.78622	0.654943	0.719164	-0.222197	0.919484	0.565745	0.232282	0.422998	-0.79999	0.327198	0.54023	0.40117	0.561609	0.633324	0.892889	-0.719102	-0.855652	0.066774	-0.960795	0.375335	0.767479	0.829039	0.892241	0.692219	-0.416895	0.739283	
0.969197	-0.974873	0.548354	0.996241	0.948595	0.876743	0.951259	0.398844	0.960658	0.948596	0.804841	0.986908	0.72887	0.591288	0.991656	0.854077	0.139309	0.640704	0.580564	0.524003	0.668543	0.907266	0.898329	0.924077	0.822409	0.978481	0.940065	0.618038	1	-0.977157	-0.964219	-0.917239	-0.625344	-0.969794	0.541649	0.522127	0.59276	-0.97662	0.255083	0.24415	-0.936502	-0.785563	-0.972467	-0.979077	-0.977148	0.455863	-0.983647	0.962281	0.486823	0.32472	0.389112	-0.60073	0.885333	0.420703	-0.941198	-0.920419	-0.242171	-0.9889	-0.853465	0.186487	-0.96278	-0.210023	0.645331	0.797051	-0.967083	-0.956101	-0.86056	-0.981496	0.408382	0.623033	-0.0289427	-0.971984	0.851785	0.570772	0.949078	-0.17022	0.982042	0.326151	0.439083	0.996459	0.905729	0.972926	-0.0394377	0.944953	0.995103	0.967448	0.925345	0.994795	0.675816	-0.967652	-0.13524	0.818767	-0.765628	0.95894	0.95595	0.914266	0.860833	0.971907	-0.970398	0.956445	
-0.998926	0.905822	-0.701708	-0.98781	-0.993153	-0.954213	-0.993937	-0.275839	-0.982412	-0.877417	-0.912048	-0.95007	-0.594304	-0.448005	-0.991436	-0.756266	0.0240839	-0.514343	-0.452419	-0.379962	-0.521657	-0.975575	-0.96966	-0.860398	-0.711733	-0.915147	-0.851587	-0.718912	-0.977157	1	0.997728	0.976254	0.755708	0.952221	-0.682214	-0.353218	-0.678857	0.910954	-0.429255	-0.436253	0.848174	0.783517	0.958299	0.958245	0.971827	-0.632288	0.997407	-0.960761	-0.657194	-0.156948	-0.22302	0.712441	-0.960792	-0.369992	0.972115	0.829956	0.0485835	0.969227	0.937793	-0.369939	0.997923	0.0248849	-0.760277	-0.90188	0.989676	0.923086	0.799713	0.957192	-0.230311	-0.764723	0.235076	0.993918	-0.939294	-0.719286	-0.993153	0.0534855	-0.999227	-0.127041	-0.604644	-0.964472	-0.81842	-0.922499	0.206547	-0.873892	-0.954508	-0.914105	-0.960593	-0.96262	-0.813051	0.996374	0.278625	-0.736532	0.863683	-0.886926	-0.995853	-0.977239	-0.941793	-0.998129	0.92102	-0.996458	
-0.999253	0.881398	-0.732233	-0.979314	-0.996774	-0.965523	-0.996704	-0.257431	-0.987209	-0.859294	-0.931347	-0.93499	-0.561418	-0.415042	-0.985726	-0.729383	0.0594626	-0.485646	-0.42599	-0.345563	-0.470681	-0.985654	-0.979261	-0.841563	-0.680939	-0.891365	-0.818409	-0.732135	-0.964219	0.997728	1	0.98314	0.780621	0.942733	-0.707059	-0.310376	-0.689025	0.889557	-0.465958	-0.478232	0.81814	0.782557	0.950071	0.947473	0.965578	-0.670301	0.994112	-0.951113	-0.694646	-0.120224	-0.186925	0.720861	-0.97523	-0.361144	0.973709	0.805313	0.0031958	0.95802	0.957182	-0.409197	0.999756	-0.0172629	-0.777625	-0.920029	0.990826	0.911141	0.78365	0.946264	-0.181674	-0.790079	0.28825	0.991127	-0.953334	-0.74733	-0.996224	0.0330016	-0.996195	-0.0665137	-0.635458	-0.9475	-0.790907	-0.903806	0.240509	-0.851754	-0.937678	-0.896868	-0.964743	-0.948918	-0.8408	0.992231	0.298514	-0.718353	0.874954	-0.864488	-0.998415	-0.984908	-0.953775	-0.998024	0.902072	-0.999068	
-0.977746	0.81421	-0.835697	-0.933075	-0.994402	-0.995677	-0.994021	-0.0772899	-0.947799	-0.760693	-0.967306	-0.861217	-0.409251	-0.246024	-0.941977	-0.597709	0.238462	-0.319543	-0.254227	-0.171787	-0.415311	-0.992721	-0.996864	-0.731198	-0.543709	-0.832723	-0.746375	-0.842282	-0.917239	0.976254	0.98314	1	0.87942	0.866902	-0.822811	-0.14537	-0.80323	0.811512	-0.613118	-0.609609	0.72146	0.671375	0.877647	0.874933	0.902242	-0.766975	0.959765	-0.951197	-0.791412	0.0585342	-0.00948675	0.830488	-0.972359	-0.200343	0.926803	0.695719	-0.16246	0.893302	0.954902	-0.559072	0.983347	-0.189334	-0.879471	-0.971375	0.95104	0.821213	0.657314	0.873275	-0.017805	-0.881744	0.417843	0.983909	-0.989671	-0.849428	-0.994692	-0.148019	-0.974039	0.0351292	-0.757517	-0.889868	-0.675542	-0.817898	0.411615	-0.749752	-0.874391	-0.806655	-0.9152	-0.906775	-0.911569	0.972983	0.466999	-0.579329	0.947747	-0.771091	-0.991305	-0.999058	-0.992067	-0.970885	0.815246	-0.985263	
-0.762562	0.468827	-0.988649	-0.650303	-0.825458	-0.915527	-0.822756	0.378273	-0.704287	-0.3673	-0.924473	-0.515955	0.0721511	0.243686	-0.669147	-0.144183	0.669815	0.166461	0.229116	0.316644	-0.106615	-0.860053	-0.885781	-0.319486	-0.0791549	-0.50455	-0.385082	-0.968397	-0.625344	0.755708	0.780621	0.87942	1	0.529787	-0.992304	0.338946	-0.936295	0.448921	-0.913722	-0.890374	0.317228	0.312042	0.54853	0.540527	0.593154	-0.935494	0.711004	-0.763108	-0.953203	0.525461	0.4657	0.954015	-0.83075	0.202099	0.669602	0.275981	-0.602594	0.571733	0.827063	-0.881669	0.781561	-0.630986	-0.991139	-0.95798	0.701237	0.454856	0.230246	0.536982	0.451807	-0.990647	0.749882	0.790969	-0.930419	-0.992019	-0.82653	-0.565189	-0.749662	0.386417	-0.968004	-0.572086	-0.244297	-0.445905	0.793553	-0.345441	-0.545275	-0.428927	-0.659488	-0.623017	-0.973091	0.756669	0.806382	-0.130596	0.97199	-0.38027	-0.810091	-0.875223	-0.931671	-0.743415	0.441897	-0.791163	
-0.952116	0.93402	-0.476542	-0.980255	-0.91469	-0.825978	-0.915804	-0.551907	-0.965595	-0.962241	-0.782229	-0.991233	-0.792334	-0.688249	-0.980102	-0.90941	-0.274431	-0.745917	-0.698687	-0.635816	-0.554575	-0.885459	-0.861952	-0.970927	-0.877274	-0.928187	-0.892177	-0.472493	-0.969794	0.952221	0.942733	0.866902	0.529787	1	-0.435261	-0.592182	-0.425957	0.958174	-0.153176	-0.191163	0.932815	0.912647	0.999676	0.999062	0.996961	-0.429432	0.971259	-0.873539	-0.450251	-0.437185	-0.494767	0.472955	-0.89034	-0.618299	0.974074	0.936869	0.31159	0.995229	0.868872	-0.0960208	0.942777	0.302838	-0.527378	-0.744664	0.97477	0.996014	0.944765	0.997997	-0.478912	-0.554167	0.0112769	0.920615	-0.802842	-0.494703	-0.913272	0.35497	-0.951501	-0.270664	-0.358043	-0.977023	-0.93918	-0.986187	-0.0930117	-0.967201	-0.975753	-0.984918	-0.968542	-0.945487	-0.633749	0.947496	-0.0233973	-0.905517	0.672097	-0.963128	-0.924933	-0.873538	-0.800562	-0.960896	0.986884	-0.937737	
0.688327	-0.381402	0.987911	0.565623	0.759651	0.86637	0.757167	-0.484329	0.616595	0.262213	0.881185	0.422505	-0.178645	-0.34796	0.584511	0.0380769	-0.745545	-0.274147	-0.337504	-0.415886	0.058816	0.799298	0.830927	0.21503	-0.025223	0.420678	0.304138	0.971747	0.541649	-0.682214	-0.707059	-0.822811	-0.992304	-0.435261	1	-0.431251	0.942816	-0.354686	0.949162	0.919335	-0.2239	-0.212684	-0.454388	-0.447166	-0.501883	0.936457	-0.631185	0.700953	0.95083	-0.614854	-0.559894	-0.967432	0.764662	-0.295045	-0.587154	-0.171986	0.677291	-0.48128	-0.760016	0.922693	-0.709278	0.707223	0.988195	0.921549	-0.617667	-0.355114	-0.122266	-0.442519	-0.530263	0.983178	-0.784669	-0.72339	0.884768	0.990835	0.76154	0.649794	0.674975	-0.427473	0.985264	0.487369	0.143736	0.349931	-0.855587	0.244453	0.45608	0.329206	0.575309	0.539913	0.949895	-0.688663	-0.871081	0.0180246	-0.952378	0.281414	0.742057	0.817981	0.886782	0.666541	-0.346336	0.720654	
0.336395	-0.661681	-0.418075	0.490963	0.242482	0.0574017	0.24863	0.896052	0.38933	0.741849	-0.0376085	0.626751	0.957812	0.98015	0.465015	0.87322	0.901512	0.955943	0.951862	0.979521	0.68502	0.155618	0.11641	0.76637	0.906015	0.626871	0.711324	-0.314886	0.522127	-0.353218	-0.310376	-0.14537	0.338946	-0.592182	-0.431251	1	-0.311499	-0.686066	-0.690816	-0.676417	-0.782354	-0.611135	-0.574791	-0.591278	-0.531571	-0.4697	-0.410014	0.324541	-0.452339	0.966438	0.978488	0.317826	0.161895	0.734392	-0.406031	-0.807694	-0.94946	-0.568632	-0.127482	-0.737929	-0.307847	-0.942592	-0.305663	-0.0846963	-0.401231	-0.657453	-0.788443	-0.597744	0.986616	-0.329906	0.782155	-0.307452	0.0112269	-0.394767	0.241884	-0.826659	0.36528	0.812064	-0.526916	0.576627	0.825991	0.686594	0.820665	0.762362	0.60376	0.698295	0.398181	0.517188	-0.246723	-0.341526	0.719165	0.846127	0.138734	0.740442	0.268162	0.146857	0.020294	0.360675	-0.6882	0.289925	
0.67034	-0.492586	0.885611	0.58826	0.740899	0.827172	0.741788	-0.489783	0.587805	0.326303	0.784326	0.457635	-0.0905023	-0.280524	0.594249	0.0934071	-0.690415	-0.232795	-0.305639	-0.361089	0.323417	0.743736	0.785431	0.240861	0.0443152	0.534158	0.442836	0.993168	0.59276	-0.678857	-0.689025	-0.80323	-0.936295	-0.425957	0.942816	-0.311499	1	-0.442157	0.851873	0.757854	-0.322557	-0.0989767	-0.444104	-0.450652	-0.488692	0.76798	-0.62638	0.782152	0.797946	-0.534577	-0.475395	-0.960535	0.677023	-0.42085	-0.522402	-0.254959	0.529704	-0.495898	-0.654072	0.804833	-0.688169	0.590089	0.969409	0.854159	-0.585233	-0.35367	-0.111123	-0.453016	-0.400689	0.890783	-0.576395	-0.745158	0.833084	0.897689	0.745058	0.691188	0.683113	-0.161765	0.877854	0.538732	0.207355	0.391726	-0.794095	0.300601	0.516711	0.370311	0.496433	0.61909	0.838042	-0.674642	-0.858796	0.0279782	-0.929958	0.355095	0.725729	0.785296	0.852508	0.64696	-0.383671	0.69296	
-0.898768	0.995071	-0.358214	-0.962803	-0.860137	-0.754263	-0.863969	-0.547146	-0.906357	-0.987654	-0.663163	-0.986834	-0.850617	-0.735567	-0.951736	-0.932251	-0.329753	-0.76861	-0.716658	-0.674666	-0.757039	-0.8002	-0.784694	-0.964089	-0.913752	-0.99031	-0.977452	-0.456848	-0.97662	0.910954	0.889557	0.811512	0.448921	0.958174	-0.354686	-0.686066	-0.442157	1	-0.0479168	-0.0320138	0.986097	0.791151	0.956815	0.9676	0.950764	-0.258318	0.929689	-0.904252	-0.291754	-0.507115	-0.565875	0.431158	-0.779585	-0.504713	0.883228	0.979839	0.441389	0.972306	0.744289	0.0245196	0.886702	0.408272	-0.476605	-0.650259	0.91096	0.962838	0.909998	0.972757	-0.58445	-0.441598	-0.17766	0.900299	-0.720953	-0.383126	-0.860478	0.326745	-0.920242	-0.491187	-0.237433	-0.984325	-0.965186	-0.988779	-0.160891	-0.984822	-0.992199	-0.988079	-0.866703	-0.976979	-0.504739	0.896167	-0.0547324	-0.892402	0.614829	-0.994824	-0.872526	-0.807029	-0.733139	-0.906555	0.985617	-0.875904	
0.441649	-0.0738783	0.940899	0.288017	0.530157	0.679191	0.52554	-0.679961	0.371135	-0.0404682	0.728594	0.126697	-0.469269	-0.610036	0.313528	-0.265046	-0.902087	-0.539995	-0.587208	-0.6641	-0.211752	0.594737	0.631641	-0.0843303	-0.328859	0.116397	-0.0097268	0.879258	0.255083	-0.429255	-0.465958	-0.613118	-0.913722	-0.153176	0.949162	-0.690816	0.851873	-0.0479168	1	0.977698	0.092253	0.0198019	-0.174685	-0.161561	-0.227464	0.923883	-0.370149	0.445002	0.928636	-0.820742	-0.780714	-0.875147	0.569264	-0.467412	-0.341974	0.137581	0.873195	-0.195103	-0.580601	0.996286	-0.468439	0.891528	0.893814	0.77349	-0.366166	-0.0668452	0.161767	-0.155423	-0.769031	0.905682	-0.913013	-0.475088	0.710685	0.933986	0.531434	0.78929	0.418794	-0.645865	0.973601	0.192307	-0.166822	0.0475731	-0.963578	-0.0630299	0.158433	0.0282181	0.337173	0.253749	0.855153	-0.437581	-0.933093	-0.265175	-0.809153	-0.0276273	0.507281	0.609843	0.707392	0.416495	-0.0440782	0.483889	
0.456703	-0.0397325	0.942079	0.29252	0.535882	0.680242	0.529656	-0.590368	0.399245	-0.0337212	0.75971	0.138536	-0.446221	-0.565864	0.323782	-0.23416	-0.842345	-0.483022	-0.522386	-0.609113	-0.333953	0.616554	0.642723	-0.0484465	-0.302471	0.0767158	-0.0550814	0.80775	0.24415	-0.436253	-0.478232	-0.609609	-0.890374	-0.191163	0.919335	-0.676417	0.757854	-0.0320138	0.977698	1	0.103123	-0.0959753	-0.211245	-0.190654	-0.260918	0.9664	-0.384202	0.39328	0.96163	-0.777071	-0.740803	-0.82312	0.613735	-0.316418	-0.396878	0.134911	0.872976	-0.21394	-0.634222	0.98482	-0.482544	0.870775	0.848955	0.7801	-0.39801	-0.107439	0.0966617	-0.180465	-0.758399	0.907637	-0.961822	-0.460442	0.71569	0.930964	0.535583	0.675128	0.419266	-0.741646	0.970045	0.187536	-0.148461	0.0622623	-0.910736	-0.0483851	0.150527	0.0447902	0.401081	0.223653	0.877298	-0.450825	-0.856024	-0.206202	-0.781188	-0.0276002	0.514024	0.61532	0.701566	0.435205	-0.0620971	0.500616	
-0.833081	0.980455	-0.225717	-0.917272	-0.781831	-0.65577	-0.786969	-0.623041	-0.839137	-0.979569	-0.55949	-0.964848	-0.908591	-0.813875	-0.901419	-0.964892	-0.454453	-0.836571	-0.787647	-0.765337	-0.797584	-0.713079	-0.693953	-0.970134	-0.957467	-0.970537	-0.982862	-0.33568	-0.936502	0.848174	0.81814	0.72146	0.317228	0.932815	-0.2239	-0.782354	-0.322557	0.986097	0.092253	0.103123	1	0.790482	0.927301	0.941175	0.913598	-0.129252	0.873559	-0.837824	-0.158938	-0.616164	-0.667244	0.327404	-0.693004	-0.570275	0.833652	0.98969	0.560897	0.941479	0.651611	0.162736	0.816781	0.530218	-0.353472	-0.539456	0.852429	0.947877	0.926456	0.945475	-0.70091	-0.317701	-0.31338	0.829866	-0.618027	-0.253536	-0.782725	0.431624	-0.85716	-0.596639	-0.107091	-0.957529	-0.988098	-0.979373	-0.292401	-0.988813	-0.965617	-0.977385	-0.815753	-0.932616	-0.381854	0.839417	-0.168609	-0.917929	0.507207	-0.992415	-0.797356	-0.718572	-0.630635	-0.843908	0.978073	-0.80486	
-0.79733	0.732295	-0.307533	-0.819794	-0.738527	-0.637072	-0.736633	-0.72139	-0.846261	-0.848273	-0.648929	-0.860109	-0.777366	-0.74227	-0.828019	-0.868244	-0.445706	-0.807569	-0.788567	-0.721052	-0.273513	-0.735761	-0.691346	-0.910848	-0.838128	-0.712005	-0.681458	-0.175711	-0.785563	0.783517	0.782557	0.671375	0.312042	0.912647	-0.212684	-0.611135	-0.0989767	0.791151	0.0198019	-0.0959753	0.790482	1	0.907861	0.894476	0.894129	-0.3446	0.820123	-0.607112	-0.345415	-0.54862	-0.587477	0.204662	-0.7857	-0.857606	0.899252	0.828637	0.365583	0.86853	0.786015	0.0493873	0.784996	0.397788	-0.270473	-0.566783	0.85783	0.923989	0.950747	0.88763	-0.512113	-0.377876	0.00202141	0.712293	-0.621135	-0.315437	-0.734004	0.602932	-0.773214	-0.11953	-0.190201	-0.808251	-0.858108	-0.86909	-0.284377	-0.865828	-0.806977	-0.875168	-0.912342	-0.732418	-0.491496	0.787172	-0.271814	-0.919601	0.434006	-0.832367	-0.751721	-0.693338	-0.599665	-0.814736	0.874948	-0.783162	
