1	0.0079895	-0.153936	6.82478e-05	-0.0206504	-0.108542	-0.252649	0.0224518	0.116254	-0.165764	0.246412	0.456284	0.27997	0.165873	0.0995827	0.10002	0.2966	0.170168	0.209797	0.0474971	0.180372	0.400183	0.25353	-0.194022	-0.33246	-0.266083	-0.302655	0.138737	0.149644	0.0020512	0.16457	0.151839	0.288905	0.130894	-0.0730822	-0.196357	0.137566	-0.13381	0.0363723	-0.234762	-0.00939065	-0.00405293	-0.146621	0.281287	0.193208	0.215738	-0.121959	0.265364	-0.172105	0.182969	0.340703	0.0768213	0.190994	0.138892	0.172881	0.29872	0.211287	0.0287298	-0.0480291	0.00932397	0.10522	0.267549	0.00399966	-0.0785964	0.0641565	-0.133365	-0.301071	-0.0372992	0.114232	-0.313122	0.1807	0.0773288	-0.269127	-0.405599	0.0230889	0.11074	-0.236241	-0.255848	-0.198705	-0.466258	-0.155224	-0.128581	-0.114552	0.0779077	0.08536	0.35278	0.260386	-0.0928026	0.0710043	-0.00340897	0.112434	0.014985	0.119927	0.411812	0.267483	0.344817	0.221055	-0.132522	-0.0726422	-0.404068	
0.0079895	1	-0.109499	0.140484	-0.229072	0.0537441	-0.268713	0.0190211	0.0481523	0.149409	-0.205645	0.287078	0.293135	-0.0216685	0.246212	-0.00851049	0.12454	0.405555	0.374092	0.148417	0.140579	0.30388	0.56403	0.266856	-0.26077	-0.26561	-0.293748	-0.105345	-0.0957224	-0.130755	-0.170871	0.176736	0.196604	0.506701	0.359361	0.0926313	-0.00357074	0.343267	0.0172757	0.341552	0.0687232	0.0168427	-0.185289	-0.0517183	0.223276	0.248314	0.322794	-0.0214704	0.290215	-0.28545	0.13087	0.298548	0.24775	0.201255	0.297413	0.475443	0.388154	0.158487	-0.0428836	0.00629468	-0.259329	0.142823	0.217362	0.159332	0.102464	-0.00447085	-0.146991	0.0220367	-0.0614168	0.082304	-0.260768	0.394967	0.156686	-0.00456294	-0.404936	0.0536479	-0.0331747	-0.185327	-0.15015	-0.212367	-0.488698	-0.146832	-0.146307	-0.223478	0.2267	0.152483	0.519239	0.392077	0.224445	0.328717	0.0692958	0.0736921	-0.0711975	0.179825	0.402018	0.150929	0.375682	0.0358459	-0.362262	0.016497	
-0.153936	-0.109499	1	0.18302	0.101893	-0.112267	0.275772	-0.201246	-0.0713297	0.0409209	0.187215	-0.188655	-0.343765	-0.462612	-0.155362	-0.0145068	-0.155912	-0.108438	0.172783	0.222069	-0.000196366	-0.0182452	0.227931	0.413112	0.143323	-0.380225	-0.051362	-0.0453696	-0.253963	-0.397292	-0.265867	-0.174266	0.128763	0.14565	0.445124	0.232694	0.102567	-0.100967	0.319921	0.180888	0.282807	0.0192713	-0.344298	-0.251088	-0.162493	0.226961	0.0788605	0.135483	-0.142837	-0.0551965	-0.355209	-0.0973699	0.17343	0.00587674	-0.0653302	0.202422	0.440788	0.134347	-0.176364	-0.208498	-0.236874	-0.394367	0.044439	0.313883	0.193921	-0.133511	-0.0187134	4.35422e-06	0.0494073	-0.00825531	0.0154462	-0.165616	0.44019	0.436136	0.161941	-0.396938	0.0350492	0.229462	0.247371	0.0369272	-0.12486	-0.305495	-0.281563	-0.142477	-0.140961	0.148104	0.162044	0.325463	0.514794	-0.0152956	-0.147788	-0.166321	-0.145623	-0.0667807	0.0797492	0.183121	-0.0581234	-0.247297	-0.118045	-0.199351	
6.82478e-05	0.140484	0.18302	1	0.404898	0.0399143	0.0110268	-0.0620501	-0.344292	-0.19403	-0.026454	0.146068	-0.0317019	-0.331371	-0.460721	-0.300338	-0.0775016	-0.174495	-0.204139	0.191829	0.162599	-0.0102221	0.120632	0.738838	0.380486	-0.251488	-0.350251	-0.111199	-0.10483	-0.285969	-0.478279	-0.434788	-0.190124	0.161018	0.279301	0.350554	0.196685	-0.199368	-0.077791	0.34779	-0.0517878	0.162939	-0.251094	-0.500847	-0.387344	0.0693385	0.284175	0.118271	0.243826	-0.432629	-0.112561	-0.441185	-0.218086	0.121413	-0.0522501	-0.0371788	0.368192	0.481304	0.034671	-0.277752	-0.287183	-0.270566	-0.224491	0.0646743	0.433414	0.0611232	-0.0906831	-0.463479	-0.0351302	0.157192	-0.172491	0.0362995	-0.0354502	0.421986	0.447176	-0.0136925	-0.0595673	0.0054528	0.335738	0.295176	-0.130728	-0.161509	-0.453868	-0.464492	-0.333886	-0.301602	0.144779	0.421905	0.439121	0.414665	-0.115598	-0.298864	-0.344605	-0.206771	0.0270209	0.373183	0.465857	0.220128	-0.10087	-0.306681	
-0.0206504	-0.229072	0.101893	0.404898	1	0.415941	0.331553	-0.127818	-0.286262	-0.641015	-0.352451	-0.132427	-0.123001	-0.295012	-0.449271	-0.487405	-0.333958	-0.206472	-0.682726	-0.276525	-0.206422	-0.0615226	-0.111106	0.285083	0.517792	0.0713115	0.0334322	0.228294	0.146021	-0.187979	-0.288092	-0.527009	-0.350267	-0.139422	0.0213567	-0.0535477	0.235562	-0.240669	-0.170579	0.177756	-0.296989	0.0148302	-0.293333	-0.338346	-0.584357	-0.307708	-0.0135589	-0.0795617	0.10955	-0.451756	-0.258463	-0.577685	-0.647347	-0.276512	-0.25797	-0.375237	-0.233565	0.135103	-0.0739299	-0.233721	-0.310364	-0.209257	-0.0991636	-0.143386	0.394628	0.0935244	0.0406084	-0.152143	-0.0988305	0.146726	0.105518	-0.0883481	0.110183	-0.104706	0.632147	0.312914	0.348996	0.273198	0.488801	0.596878	0.267107	0.453696	-0.238066	-0.306124	-0.434063	-0.474566	-0.283095	-0.0945516	0.0637474	0.0503194	-0.222426	-0.477377	-0.653233	-0.510668	-0.454463	-0.0601435	0.377265	0.096054	0.377198	0.0744434	
-0.108542	0.0537441	-0.112267	0.0399143	0.415941	1	0.614533	-0.0982044	-0.255737	-0.371641	-0.639264	-0.396054	-0.221267	-0.129661	-0.239926	-0.324256	-0.436945	-0.33672	-0.416707	-0.623782	-0.495622	-0.305263	-0.0108723	-0.0435784	-0.0952534	0.248427	0.165241	0.338366	0.33417	0.0421353	-0.0667328	-0.20561	-0.358826	-0.211258	-0.152429	-0.17416	-0.158567	0.0129457	-0.102271	-0.0532811	-0.27586	-0.207269	-0.144512	-0.316015	-0.251777	-0.387595	-0.362289	-0.158414	-0.0118896	-0.214261	-0.245889	-0.390788	-0.620134	-0.546876	-0.431613	-0.344305	-0.334935	-0.287182	-0.209851	-0.057814	-0.178498	-0.234684	0.117893	0.0335401	-0.0886005	0.324363	0.11402	-0.0907388	0.166431	0.0902324	0.108067	-0.00116059	0.0216876	0.051267	-0.13316	0.499774	0.591691	0.467128	0.450954	0.522225	0.454885	0.491526	0.190899	-0.121829	-0.218937	-0.426665	-0.391287	-0.396393	-0.406178	-0.241004	-0.314438	-0.372709	-0.542254	-0.679989	-0.487373	-0.420458	-0.0190448	0.368527	0.125575	0.378485	
-0.252649	-0.268713	0.275772	0.0110268	0.331553	0.614533	1	-0.2016	-0.315126	-0.289318	-0.315993	-0.597196	-0.589196	-0.350161	-0.156018	-0.240829	-0.403025	-0.455304	-0.371955	-0.429467	-0.492865	-0.368824	-0.13837	0.0369577	0.0580779	0.0568498	0.343512	0.160631	0.0479601	-0.0875065	-0.0124134	-0.107231	-0.173117	-0.278981	-0.00212141	0.00264249	0.0227208	-0.0784182	0.167488	0.00199955	0.0135289	-0.314184	-0.227057	-0.161571	-0.317096	-0.21356	-0.393206	-0.206626	-0.18021	-0.0378094	-0.365795	-0.311141	-0.419896	-0.589892	-0.488209	-0.269278	-0.272773	-0.369699	-0.190693	-0.00694149	-0.18503	-0.228687	0.0681928	0.204852	0.0324757	0.117611	0.389598	0.0639368	0.112949	0.284348	0.294791	-0.126518	0.169429	0.274542	0.120527	0.0711887	0.630759	0.614558	0.533175	0.537965	0.568368	0.379966	0.0460477	-0.00657515	-0.149539	-0.265699	-0.421889	-0.308557	-0.177998	-0.457028	-0.405231	-0.452846	-0.520154	-0.575056	-0.560965	-0.471413	-0.255181	0.230924	0.353571	0.15899	
0.0224518	0.0190211	-0.201246	-0.0620501	-0.127818	-0.0982044	-0.2016	1	0.480355	-0.0524407	-0.194826	-0.219821	0.119498	0.234479	0.080208	0.0875416	0.224658	0.241967	0.4118	-0.0379954	-0.217467	-0.156811	-0.189806	0.103287	0.174586	-0.17046	-0.594474	0.133193	0.327718	0.49928	0.0154508	0.0308637	-0.0450111	0.166618	-0.00734635	0.139998	0.0371339	0.112401	0.0436977	0.0128407	0.582148	0.173814	0.253296	0.0566015	-0.00370593	-0.0736776	0.134784	0.0502366	0.171886	0.28248	0.258029	0.151445	0.189423	0.141427	0.0638159	-0.082329	0.0759726	0.328254	-0.15033	-0.0710727	0.0668834	0.033417	-0.470191	0.0279473	0.161051	-0.0224344	-0.0325613	0.426681	-0.352256	-0.232527	-0.14339	0.601123	-0.214487	-0.290438	-0.110246	-0.335425	-0.28236	-0.00303235	-0.210611	-0.226381	0.0658429	0.11962	0.637704	0.0938587	0.0310058	0.189395	0.0320948	-0.0290213	-0.0749913	0.538865	0.791909	0.381334	0.378579	-0.0928685	-0.321636	-0.174861	-0.299764	-0.108056	0.0431421	-0.163329	
0.116254	0.0481523	-0.0713297	-0.344292	-0.286262	-0.255737	-0.315126	0.480355	1	0.42989	-0.101491	-0.234868	0.00735298	0.479173	0.35481	0.182341	0.289137	0.436116	0.512295	0.40683	-0.0943527	-0.218052	-0.180061	-0.101464	0.0932039	-0.0173106	-0.461843	-0.493557	0.32803	0.485174	0.394327	0.0719045	0.0811134	0.129534	0.220939	0.0708372	0.12205	0.0557473	0.189782	0.0425529	0.267197	0.577599	0.309486	0.324518	0.11588	0.0487542	0.0823662	0.278876	0.209826	0.34382	0.452765	0.371183	0.33761	0.362837	0.3071	0.115395	0.0137468	0.297795	0.343027	-0.14031	0.0638084	0.174696	-0.149696	-0.360441	0.125585	0.104668	-0.061473	0.155385	0.124958	-0.422106	-0.305711	0.232171	0.386679	-0.430504	-0.383605	-0.357259	-0.468684	-0.369164	-0.253659	-0.412441	-0.298502	0.0452732	0.432922	0.588532	0.138468	0.180694	0.245097	0.11656	-0.0884409	0.270976	0.811242	0.853725	0.552806	0.366038	-0.162515	-0.281117	-0.251288	-0.48592	-0.140372	-0.121347	
-0.165764	0.149409	0.0409209	-0.19403	-0.641015	-0.371641	-0.289318	-0.0524407	0.42989	1	0.411852	-0.117021	-0.136226	0.256412	0.547657	0.343725	0.228212	0.344988	0.440507	0.546193	0.435379	-0.118894	-0.237064	-0.131917	-0.194126	0.0253282	-0.0396432	-0.542941	-0.305593	0.291321	0.438641	0.398116	0.122291	0.0920257	0.137694	0.241365	0.00775477	0.0892613	0.0653733	0.166049	-0.0178855	0.289022	0.445021	0.342282	0.348681	0.148815	0.0973526	0.0832175	0.305882	0.243051	0.404412	0.497036	0.418738	0.3936	0.434467	0.337517	0.104915	0.0641117	0.40362	0.347796	0.0330529	0.140872	0.182546	-0.175748	-0.349354	0.112994	0.0966626	-0.115996	0.141871	0.104609	-0.439516	-0.213587	0.204179	0.274499	-0.497604	-0.471109	-0.343378	-0.529297	-0.450766	-0.298437	-0.507764	-0.386951	0.108698	0.456284	0.600301	0.163929	0.198926	0.363267	0.0374872	-0.0768048	0.242944	0.744482	0.727684	0.555827	0.374395	-0.122845	-0.305899	-0.345508	-0.461708	-0.183526	
0.246412	-0.205645	0.187215	-0.026454	-0.352451	-0.639264	-0.315993	-0.194826	-0.101491	0.411852	1	0.412039	-0.00398506	0.055177	0.274018	0.494492	0.335604	0.224453	0.259186	0.474908	0.619256	0.48058	-0.117321	-0.225681	-0.25561	-0.335088	0.0877793	-0.0697242	-0.357306	-0.0694283	0.312692	0.448903	0.45592	0.101264	0.0848867	0.146162	0.193016	-0.0394915	0.087631	0.0336621	0.0286249	0.00977116	0.242326	0.433061	0.367602	0.37193	0.161225	0.0848212	0.0845227	0.307891	0.279998	0.406841	0.486901	0.438602	0.432427	0.455302	0.31427	0.0964763	0.0836423	0.433099	0.324778	0.0781845	0.236716	0.151193	-0.190552	-0.323825	0.111138	0.00126743	0.0224032	0.18042	0.136911	-0.419772	-0.211485	0.126757	0.251359	-0.513138	-0.41166	-0.362459	-0.556012	-0.406301	-0.357348	-0.638588	-0.275414	0.169314	0.463617	0.58259	0.166738	0.288616	0.413846	-0.0544838	-0.140831	0.186493	0.568314	0.697193	0.59717	0.528828	-0.0919468	-0.418417	-0.312089	-0.473358	
0.456284	0.287078	-0.188655	0.146068	-0.132427	-0.396054	-0.597196	-0.219821	-0.234868	-0.117021	0.412039	1	0.768864	0.241227	0.0826473	0.280677	0.469185	0.343792	0.170194	0.309458	0.560949	0.711521	0.549143	-0.0150938	-0.359006	-0.406851	-0.197393	0.059376	0.000807065	-0.12748	0.00820379	0.304551	0.505264	0.42778	0.133067	0.099977	0.105991	0.169604	-0.0318139	0.0571905	-0.103647	0.0336918	0.0461224	0.240767	0.433207	0.409702	0.40962	0.218689	0.0820311	0.0928733	0.309696	0.286052	0.414701	0.49971	0.509037	0.498865	0.445875	0.295039	0.166517	0.092025	0.353868	0.385624	0.191589	0.202504	0.184398	-0.171376	-0.317405	0.0023543	0.0944898	0.0589941	0.229623	0.00461576	-0.394916	-0.28691	0.100351	0.247132	-0.429369	-0.446347	-0.410268	-0.507768	-0.471855	-0.47694	-0.477556	-0.206336	0.145953	0.440657	0.579939	0.297202	0.343594	0.35321	-0.104143	-0.135364	0.120949	0.547497	0.753701	0.817899	0.68413	0.08841	-0.371246	-0.328147	
0.27997	0.293135	-0.343765	-0.0317019	-0.123001	-0.221267	-0.589196	0.119498	0.00735298	-0.136226	-0.00398506	0.768864	1	0.566567	0.0866872	0.35492	0.49952	0.443387	0.262245	0.246114	0.371863	0.453916	0.557708	0.0257219	-0.217292	-0.242713	-0.371405	0.0541228	0.340407	0.280797	0.0863009	0.304166	0.420942	0.502318	0.129573	0.276657	-0.0242602	0.415496	-0.00596202	0.0497152	0.0257555	0.200643	0.297894	0.134685	0.504957	0.177063	0.479659	0.274909	0.126331	0.302322	0.398673	0.307564	0.424174	0.522425	0.477567	0.312913	0.329947	0.365548	0.272514	-0.0122174	0.435216	0.482516	0.0720105	0.141866	0.254235	0.186419	-0.43735	0.273244	0.121835	-0.0283788	0.227607	0.243819	-0.351302	-0.456395	-0.171782	0.404425	-0.485156	-0.371645	-0.421013	-0.455839	-0.346019	-0.248595	-0.0281778	-0.0517024	0.107613	0.323789	0.59784	0.234075	0.12586	0.528095	0.232788	0.0377476	0.185072	0.268528	0.517956	0.537659	0.622797	0.322034	-0.374013	-0.104826	
0.165873	-0.0216685	-0.462612	-0.331371	-0.295012	-0.129661	-0.350161	0.234479	0.479173	0.256412	0.055177	0.241227	0.566567	1	0.363061	0.600398	0.640796	0.449317	0.330502	0.431847	0.33233	0.0560726	0.0019665	-0.22961	-0.110462	0.0874163	-0.234932	-0.295036	0.582721	0.824951	0.743901	0.525359	0.423244	0.291059	0.100128	0.416394	0.13647	0.372538	0.234577	-0.0248195	-0.0325527	0.474358	0.793923	0.407302	0.511563	0.0357277	0.147451	0.366167	0.188814	0.681722	0.751134	0.486886	0.416718	0.609912	0.490279	0.0452266	-0.0332468	0.263774	0.535546	0.139166	0.647564	0.52359	0.145879	-0.107938	0.0139837	0.515814	-0.0347016	0.210073	0.508068	-0.0227086	0.23611	0.0504003	-0.168163	-0.480503	-0.351393	0.179659	-0.574293	-0.465933	-0.451932	-0.427169	-0.115703	-0.0302286	0.457339	0.718944	0.403649	0.344147	0.357031	0.109959	-0.165263	0.253806	0.424136	0.548053	0.57591	0.309718	0.107266	0.0592303	0.0265997	0.121668	-0.262145	-0.0440175	
0.0995827	0.246212	-0.155362	-0.460721	-0.449271	-0.239926	-0.156018	0.080208	0.35481	0.547657	0.274018	0.0826473	0.0866872	0.363061	1	0.234276	0.580935	0.640073	0.50597	0.261368	0.49393	0.323485	-0.0556684	-0.241164	-0.338928	-0.107689	-0.0308083	-0.205274	-0.244635	0.314759	0.632515	0.759831	0.484651	0.424742	0.26675	0.0969913	0.512152	0.218219	0.341777	0.259008	0.114016	-0.00648956	0.317501	0.820801	0.340885	0.471384	-0.0202745	0.139585	0.347109	0.21747	0.65944	0.797692	0.492801	0.333455	0.692792	0.514398	0.0147479	-0.0379826	0.309006	0.526639	0.00521636	0.635583	0.299792	0.148228	-0.163957	-0.0418108	0.481826	0.152766	0.0690049	0.430251	-0.103506	0.296697	-0.01874	-0.147781	-0.471805	-0.363414	0.0155923	-0.613962	-0.410888	-0.429075	-0.389502	-0.043255	0.105311	0.46333	0.84819	0.462142	0.385105	0.310576	0.161446	-0.100967	0.279345	0.438718	0.529396	0.632242	0.241642	-0.0457564	-0.119302	-0.419453	-0.0413447	-0.259286	
0.10002	-0.00851049	-0.0145068	-0.300338	-0.487405	-0.324256	-0.240829	0.0875416	0.182341	0.343725	0.494492	0.280677	0.35492	0.600398	0.234276	1	0.377072	0.504052	0.453567	0.574916	0.342611	0.326511	0.122343	-0.238166	-0.260301	-0.285015	-0.10887	-0.136544	0.304033	0.458052	0.604198	0.68394	0.704894	0.321223	0.266443	0.509641	-0.0427946	0.65703	0.13637	0.15179	0.0982627	0.328952	0.548293	0.25768	0.831674	0.0520864	0.428055	0.0162718	0.170099	0.737611	0.449548	0.634313	0.674607	0.607568	0.373757	0.402806	0.287589	0.124955	0.189264	0.300809	0.75329	0.0809284	0.512058	0.110714	0.0239799	0.225259	-0.113216	0.537174	0.360157	0.0357695	0.546744	-0.270234	0.0398812	-0.255744	-0.144544	-0.204919	-0.653542	-0.0687876	-0.725115	-0.343983	-0.234829	-0.372039	0.332852	0.480033	0.493373	0.747766	0.338227	0.30052	0.111575	0.203986	0.0445283	0.409246	0.575145	0.381191	0.490544	0.211214	-0.118711	0.0172841	-0.528027	0.0286805	
0.2966	0.12454	-0.155912	-0.0775016	-0.333958	-0.436945	-0.403025	0.224658	0.289137	0.228212	0.335604	0.469185	0.49952	0.640796	0.580935	0.377072	1	0.45949	0.614767	0.505293	0.686867	0.322202	0.232295	0.0359382	-0.238726	-0.315097	-0.391896	-0.189247	0.12362	0.480632	0.512648	0.637236	0.660036	0.657401	0.332469	0.481538	0.522054	0.114322	0.624415	0.0623921	0.304538	0.213161	0.512339	0.529119	0.32238	0.672018	0.106993	0.656598	0.109104	0.500895	0.788597	0.553203	0.674556	0.725088	0.763634	0.334568	0.374009	0.386269	0.32504	0.210409	0.366963	0.721976	-0.0280782	0.409261	0.0641535	0.18519	0.149823	0.0317663	0.384258	0.227825	0.0824751	0.414295	-0.358512	-0.126672	-0.280794	-0.131664	-0.485635	-0.714308	-0.277573	-0.716451	-0.258118	-0.27768	0.0642224	0.467633	0.522352	0.552642	0.701656	0.382093	0.391917	0.306206	0.419795	0.277656	0.562142	0.547271	0.316589	0.49703	0.129197	-0.163525	-0.142739	-0.531375	
0.170168	0.405555	-0.108438	-0.174495	-0.206472	-0.33672	-0.455304	0.241967	0.436116	0.344988	0.224453	0.343792	0.443387	0.449317	0.640073	0.504052	0.45949	1	0.499183	0.58272	0.460922	0.609043	0.159972	0.0355511	-0.0630744	-0.391213	-0.421693	-0.304031	0.0563947	0.292518	0.456069	0.588461	0.619655	0.649508	0.586838	0.351616	0.457877	0.632353	0.0459069	0.631348	0.0922783	0.409099	0.264961	0.528659	0.520762	0.24402	0.643174	-0.0151957	0.687066	0.190174	0.649521	0.821819	0.578917	0.652255	0.764739	0.697734	0.289308	0.407528	0.356644	0.244666	0.207555	0.374297	0.429644	-0.0398389	0.398207	0.00200005	0.100003	0.418915	-0.0362496	0.265196	0.111472	0.228595	0.249376	-0.487027	-0.139801	-0.357914	-0.406266	-0.481847	-0.696353	-0.329357	-0.698186	-0.125268	0.0952939	0.263056	0.612517	0.59925	0.594336	0.647049	0.357283	0.495299	0.388522	0.521969	0.440269	0.595443	0.42316	0.179951	0.3059	-0.341371	-0.346244	-0.131083	
0.209797	0.374092	0.172783	-0.204139	-0.682726	-0.416707	-0.371955	0.4118	0.512295	0.440507	0.259186	0.170194	0.262245	0.330502	0.50597	0.453567	0.614767	0.499183	1	0.466693	0.295976	0.246972	0.403384	0.0730485	-0.362065	-0.482087	-0.524909	-0.163671	0.0359169	0.237386	0.213229	0.50012	0.581014	0.627004	0.447052	0.334126	0.139436	0.283428	0.527661	0.0554096	0.630199	0.182772	0.177918	0.280305	0.453676	0.579611	0.201485	0.446761	0.0413726	0.468894	0.447495	0.621682	0.844485	0.534186	0.521186	0.587559	0.633013	0.269448	-0.0239255	0.0675582	0.131086	0.273417	-0.00802372	0.395134	0.0173819	-0.0219611	-0.111812	0.277813	0.130706	-0.158245	-0.101977	0.476748	0.0498755	-0.0105746	-0.555328	-0.498843	-0.479404	-0.357106	-0.390529	-0.75653	-0.415099	-0.437033	0.254004	0.297466	0.408074	0.683312	0.690163	0.41409	0.410268	0.355512	0.557263	0.481563	0.608088	0.514794	0.402907	0.300969	-0.152135	-0.341056	-0.420134	-0.378454	
0.0474971	0.148417	0.222069	0.191829	-0.276525	-0.623782	-0.429467	-0.0379954	0.40683	0.546193	0.474908	0.309458	0.246114	0.431847	0.261368	0.574916	0.505293	0.58272	0.466693	1	0.609358	0.25813	0.141932	0.317396	0.149121	-0.340444	-0.361505	-0.647472	0.0351968	0.25453	0.371487	0.31556	0.520965	0.476449	0.611974	0.665065	0.314523	0.300229	0.226681	0.45313	0.0398825	0.628689	0.37175	0.179686	0.358146	0.281812	0.570045	0.271612	0.405746	0.312438	0.51377	0.487207	0.627355	0.832781	0.611448	0.44758	0.465019	0.565778	0.5207	-0.0394218	0.282184	0.140494	0.213031	-0.0817223	0.342997	0.164239	-0.0754545	-0.00589079	0.31165	0.0830375	-0.00773808	-0.162839	0.335421	-0.0181254	0.0139018	-0.41186	-0.751062	-0.505696	-0.447835	-0.348158	-0.618206	-0.438988	-0.0976052	0.429205	0.372841	0.440029	0.628983	0.750563	0.494023	0.439121	0.285284	0.565284	0.519065	0.589097	0.479764	0.366645	0.221367	-0.261147	-0.510935	-0.329427	
0.180372	0.140579	-0.000196366	0.162599	-0.206422	-0.495622	-0.492865	-0.217467	-0.0943527	0.435379	0.619256	0.560949	0.371863	0.33233	0.49393	0.342611	0.686867	0.460922	0.295976	0.609358	1	0.490005	0.136807	0.142533	-0.112933	-0.207558	-0.102244	-0.204315	-0.306409	0.148729	0.384949	0.542435	0.508818	0.497131	0.278772	0.437382	0.477373	0.0616961	0.237647	0.263421	-0.137958	0.119644	0.359092	0.383954	0.290575	0.486586	0.22643	0.332358	0.267713	0.133866	0.596245	0.442024	0.472827	0.676034	0.734857	0.414032	0.329074	0.28786	0.347144	0.357494	0.172513	0.449456	0.23551	0.185799	-0.0644801	0.0933205	0.118417	-0.238276	0.23004	0.4373	-0.0286029	-0.0615085	-0.258607	0.175188	-0.0316645	-0.147563	-0.37183	-0.746328	-0.378619	-0.3981	-0.491185	-0.413596	-0.282351	0.228821	0.642963	0.399327	0.54088	0.589148	0.486113	0.12974	-0.0295798	0.170558	0.463619	0.611386	0.62999	0.585385	0.27861	-0.137793	-0.285857	-0.471216	
0.400183	0.30388	-0.0182452	-0.0102221	-0.0615226	-0.305263	-0.368824	-0.156811	-0.218052	-0.118894	0.48058	0.711521	0.453916	0.0560726	0.323485	0.326511	0.322202	0.609043	0.246972	0.25813	0.490005	1	0.416364	-0.03418	-0.289307	-0.458664	-0.0667451	0.157513	-0.12726	-0.269611	0.0868676	0.447153	0.622685	0.485947	0.357751	0.00340594	0.333698	0.369812	-0.0311845	0.339748	-0.0568511	-0.129221	-0.147528	0.377615	0.364386	0.378522	0.435653	-0.104353	0.304075	-0.04415	0.235466	0.519234	0.39532	0.36944	0.538163	0.688739	0.34386	0.141058	-0.0662618	0.176294	0.198177	0.221915	0.414639	0.248102	0.25812	-0.401924	0.0558154	0.195446	-0.166741	0.275403	0.343995	0.0537293	-0.10522	-0.320781	0.255038	-0.145616	-0.138353	-0.260602	-0.529856	-0.312205	-0.469184	-0.278656	-0.328486	-0.150187	0.363403	0.640407	0.447552	0.405048	0.493108	0.256708	-0.177016	-0.154111	0.0666302	0.548089	0.602911	0.633008	0.505153	-0.228462	-0.237532	-0.196688	
0.25353	0.56403	0.227931	0.120632	-0.111106	-0.0108723	-0.13837	-0.189806	-0.180061	-0.237064	-0.117321	0.549143	0.557708	0.0019665	-0.0556684	0.122343	0.232295	0.159972	0.403384	0.141932	0.136807	0.416364	1	0.308331	-0.327046	-0.480351	-0.2641	0.146605	0.117061	-0.248035	-0.293499	0.106979	0.435614	0.56614	0.379216	0.193145	-0.101831	0.277068	0.297861	0.0227098	0.21483	-0.0840427	-0.324751	-0.222065	0.290024	0.379147	0.248539	0.293368	-0.216077	0.0261816	-0.0549587	0.089935	0.409846	0.200064	0.17586	0.453687	0.636667	0.143044	-0.165413	-0.253243	-0.0234695	0.154125	0.130134	0.445403	0.24956	0.0547699	-0.473076	0.138687	0.184644	-0.127721	0.183326	0.281894	0.0327152	-0.0172894	-0.250451	0.295809	-0.139311	0.0139547	0.036143	-0.375107	-0.282209	-0.306297	-0.276265	-0.261233	-0.0671246	0.328222	0.69125	0.278593	0.388185	0.283568	-0.105324	-0.314671	-0.251762	0.0834555	0.510441	0.539443	0.559333	0.242553	-0.368982	-0.121813	
-0.194022	0.266856	0.413112	0.738838	0.285083	-0.0435784	0.0369577	0.103287	-0.101464	-0.131917	-0.225681	-0.0150938	0.0257219	-0.22961	-0.241164	-0.238166	0.0359382	0.0355511	0.0730485	0.317396	0.142533	-0.03418	0.308331	1	0.572953	-0.216676	-0.443587	-0.203991	-0.0528107	-0.18305	-0.419142	-0.348174	-0.0473722	0.387656	0.547759	0.508989	0.321277	-0.0181787	0.164954	0.497105	0.201262	0.252477	-0.249403	-0.460308	-0.372069	0.143183	0.329428	0.135041	0.198872	-0.372262	-0.0851952	-0.220666	-0.00478858	0.207962	0.0199191	0.0285921	0.439634	0.555367	0.0623245	-0.442684	-0.367272	-0.216417	-0.216385	0.135932	0.5472	0.146114	-0.0112216	-0.248107	-0.0263751	0.124001	-0.198229	0.288359	0.231023	0.378038	0.226548	-0.116812	-0.0365116	0.0199472	0.377864	0.19554	-0.189546	-0.087346	-0.257209	-0.287194	-0.200807	-0.13765	0.367901	0.606053	0.527471	0.509984	0.119405	-0.175643	-0.311882	-0.24873	-0.0557869	0.226998	0.378412	0.207762	-0.019293	-0.227775	
-0.33246	-0.26077	0.143323	0.380486	0.517792	-0.0952534	0.0580779	0.174586	0.0932039	-0.194126	-0.25561	-0.359006	-0.217292	-0.110462	-0.338928	-0.260301	-0.238726	-0.0630744	-0.362065	0.149121	-0.112933	-0.289307	-0.327046	0.572953	1	0.282695	-0.056469	-0.237479	0.0561147	-0.009199	-0.214973	-0.536275	-0.359729	-0.161212	0.143663	0.193451	0.244473	-0.147774	-0.160962	0.286156	-0.0213571	0.33468	-0.0851947	-0.351497	-0.540937	-0.350274	0.158335	-0.171414	0.130861	-0.308089	-0.17465	-0.344548	-0.365823	-0.0381581	-0.245497	-0.456246	-0.200103	0.297677	0.143058	-0.445687	-0.243632	-0.311801	-0.288165	-0.395207	0.437214	0.11713	0.116143	-0.136098	-0.184904	-0.0234613	-0.101539	-0.0235818	0.336903	0.0388921	0.528975	-0.104467	0.0457089	0.164217	0.335795	0.529456	0.142039	0.372639	0.0397885	-0.0181106	-0.327327	-0.379535	-0.221962	0.201108	0.0666144	0.256921	0.155254	0.016403	-0.265452	-0.367308	-0.501076	-0.243032	0.0175148	0.0868485	0.402868	0.127033	
-0.266083	-0.26561	-0.380225	-0.251488	0.0713115	0.248427	0.0568498	-0.17046	-0.0173106	0.0253282	-0.335088	-0.406851	-0.242713	0.0874163	-0.107689	-0.285015	-0.315097	-0.391213	-0.482087	-0.340444	-0.207558	-0.458664	-0.480351	-0.216676	0.282695	1	0.563131	0.000275341	0.0035201	0.092332	0.057134	-0.299384	-0.568911	-0.59091	-0.55545	-0.385701	-0.245294	-0.241884	-0.305631	-0.352224	-0.521597	-0.075211	0.116731	-0.164827	-0.334447	-0.499113	-0.491326	-0.257264	-0.240747	-0.264803	-0.18622	-0.329996	-0.555716	-0.407938	-0.463283	-0.715113	-0.755033	-0.432585	0.0343975	-0.126527	-0.116749	-0.110358	-0.103012	-0.504411	-0.457397	0.219626	0.147534	-0.381667	0.0279468	-0.12381	-0.222753	-0.195604	-0.00328767	0.0664953	-0.0801304	0.386509	0.349252	0.119528	0.292246	0.424848	0.476385	0.52857	0.29904	0.214578	-0.137418	-0.586258	-0.589585	-0.478417	-0.621516	-0.492791	-0.143598	0.0137939	-0.126485	-0.359473	-0.446275	-0.567221	-0.351148	0.181703	0.43671	0.579408	
-0.302655	-0.293748	-0.051362	-0.350251	0.0334322	0.165241	0.343512	-0.594474	-0.461843	-0.0396432	0.0877793	-0.197393	-0.371405	-0.234932	-0.0308083	-0.10887	-0.391896	-0.421693	-0.524909	-0.361505	-0.102244	-0.0667451	-0.2641	-0.443587	-0.056469	0.563131	1	0.239399	-0.250964	-0.273155	0.0379728	-0.0356788	-0.267974	-0.616276	-0.487579	-0.465175	-0.299206	-0.19513	-0.259649	-0.341944	-0.551865	-0.559325	-0.129099	-0.00963714	-0.168232	-0.324216	-0.476391	-0.463199	-0.339846	-0.188248	-0.47404	-0.20392	-0.429415	-0.549175	-0.399577	-0.3816	-0.635043	-0.766214	-0.169885	0.116557	-0.0688001	-0.186336	0.199331	-0.136109	-0.543064	-0.205547	0.256772	-0.189607	-0.0762173	0.167158	0.118918	-0.530442	-0.0188229	0.188563	0.148862	0.231266	0.537307	0.299882	0.160317	0.433392	0.465553	0.326499	-0.0587754	0.0613602	0.035457	-0.26585	-0.603933	-0.477961	-0.406808	-0.764635	-0.668686	-0.340484	-0.264928	-0.15869	-0.126467	-0.30755	-0.284428	0.0870819	0.266967	0.454665	
0.138737	-0.105345	-0.0453696	-0.111199	0.228294	0.338366	0.160631	0.133193	-0.493557	-0.542941	-0.0697242	0.059376	0.0541228	-0.295036	-0.205274	-0.136544	-0.189247	-0.304031	-0.163671	-0.647472	-0.204315	0.157513	0.146605	-0.203991	-0.237479	0.000275341	0.239399	1	0.091092	-0.149383	-0.296305	-0.0728725	-0.165316	-0.175233	-0.451141	-0.378225	-0.289917	-0.170628	-0.121793	-0.411124	0.00689033	-0.638083	-0.263212	-0.212796	-0.111717	-0.155426	-0.34388	-0.196913	-0.353788	-0.0749874	-0.35923	-0.334217	-0.266552	-0.470027	-0.365725	-0.200789	-0.138306	-0.373935	-0.7378	0.11579	-0.12463	-0.227656	-0.14756	0.306648	-0.324134	-0.242375	-0.149077	0.211251	-0.331774	-0.0825845	0.181678	0.0989264	-0.498123	-0.0100232	0.138223	0.2531	0.363866	0.440032	0.119777	0.118824	0.490392	0.181976	0.192992	-0.349476	-0.0956418	0.049917	-0.32593	-0.494541	-0.141288	-0.157406	-0.262798	-0.540216	-0.261232	-0.36416	-0.0743169	0.0809985	-0.0933119	0.111624	0.118407	0.037564	
0.149644	-0.0957224	-0.253963	-0.10483	0.146021	0.33417	0.0479601	0.327718	0.32803	-0.305593	-0.357306	0.000807065	0.340407	0.582721	-0.244635	0.304033	0.12362	0.0563947	0.0359169	0.0351968	-0.306409	-0.12726	0.117061	-0.0528107	0.0561147	0.0035201	-0.250964	0.091092	1	0.581497	0.273141	-0.037664	0.0386704	-0.0126652	0.0102758	0.171438	-0.179184	0.197384	0.013483	-0.125778	-0.0232498	0.305662	0.345494	-0.11295	0.109131	-0.330158	0.0449906	0.108323	0.00384311	0.470366	0.175533	-0.0657414	-0.0659338	0.130433	-0.0775314	-0.252767	-0.115728	0.183644	0.120599	-0.378376	0.468176	-0.0652757	-0.12603	-0.131112	0.229974	0.325234	-0.238499	0.251038	0.318216	-0.355247	0.306251	0.00990547	-0.0465625	-0.524557	-0.0329387	0.354283	-0.344964	0.164776	-0.0435634	-0.0550353	0.27528	0.250531	0.50676	0.415721	-0.175454	0.106861	0.0327647	-0.230393	-0.313457	0.34956	0.315149	0.167443	0.0504233	-0.230169	-0.304342	-0.0867314	0.0798209	0.25971	-0.239829	0.0876472	
0.0020512	-0.130755	-0.397292	-0.285969	-0.187979	0.0421353	-0.0875065	0.49928	0.485174	0.291321	-0.0694283	-0.12748	0.280797	0.824951	0.314759	0.458052	0.480632	0.292518	0.237386	0.25453	0.148729	-0.269611	-0.248035	-0.18305	-0.009199	0.092332	-0.273155	-0.149383	0.581497	1	0.700318	0.426917	0.151366	0.126033	-0.0460641	0.444667	0.0550832	0.237626	0.181222	-0.0321041	0.0688462	0.388927	0.846821	0.307531	0.315898	-0.181202	0.00524678	0.230132	0.22095	0.679324	0.662264	0.313329	0.220818	0.392293	0.304705	-0.166654	-0.180183	0.223576	0.401653	0.181121	0.471743	0.381098	-0.0823646	-0.124004	-0.0816954	0.543205	0.0539115	0.294955	0.307859	0.0286429	0.0724165	0.0903349	-0.24222	-0.317716	-0.340581	0.0578805	-0.44743	-0.306527	-0.33658	-0.234636	0.0694819	0.115373	0.689394	0.72031	0.43626	0.167107	0.0957069	-0.0406142	-0.323826	0.217092	0.536362	0.570781	0.599918	0.0514527	-0.185564	-0.252617	-0.232977	0.10712	-0.19333	-0.106059	
0.16457	-0.170871	-0.265867	-0.478279	-0.288092	-0.0667328	-0.0124134	0.0154508	0.394327	0.438641	0.312692	0.00820379	0.0863009	0.743901	0.632515	0.604198	0.512648	0.456069	0.213229	0.371487	0.384949	0.0868676	-0.293499	-0.419142	-0.214973	0.057134	0.0379728	-0.296305	0.273141	0.700318	1	0.740748	0.495551	0.145062	0.109581	0.292935	0.35193	0.282886	0.261607	0.107965	-0.144828	0.300034	0.704469	0.697815	0.493248	0.0802746	-0.0621439	0.150955	0.256964	0.624194	0.75245	0.624109	0.340179	0.434748	0.489084	0.173187	-0.199554	-0.0231115	0.503336	0.470963	0.541008	0.457434	0.44621	-0.107462	-0.155414	0.341626	0.370953	0.205094	0.513338	0.250904	0.316612	-0.195767	-0.0383395	-0.349688	-0.270739	-0.0874491	-0.289318	-0.421705	-0.469078	-0.278816	-0.0990454	0.0164399	0.344049	0.836425	0.71803	0.452546	0.133337	0.0841247	-0.157916	-0.166077	0.149403	0.528285	0.587759	0.43093	0.0625856	-0.157348	-0.249274	-0.141052	-0.120362	-0.0894161	
0.151839	0.176736	-0.174266	-0.434788	-0.527009	-0.20561	-0.107231	0.0308637	0.0719045	0.398116	0.448903	0.304551	0.304166	0.525359	0.759831	0.68394	0.637236	0.588461	0.50012	0.31556	0.542435	0.447153	0.106979	-0.348174	-0.536275	-0.299384	-0.0356788	-0.0728725	-0.037664	0.426917	0.740748	1	0.79559	0.511705	0.258941	0.362832	0.337321	0.534725	0.371946	0.209328	0.155481	-0.000217124	0.510178	0.696821	0.738734	0.430313	0.158916	0.134878	0.242504	0.571954	0.681819	0.845852	0.668055	0.489391	0.646554	0.5687	0.198234	-0.0431171	0.221757	0.655823	0.508087	0.578791	0.548973	0.391649	-0.14076	0.1436	0.320813	0.423476	0.31136	0.47444	0.403951	0.0972136	-0.208141	-0.16812	-0.393787	-0.192438	-0.226251	-0.387032	-0.605612	-0.47593	-0.268631	-0.25718	0.169271	0.445019	0.84411	0.732409	0.432169	0.286707	0.163332	-0.0416282	0.0115405	0.258351	0.543851	0.525974	0.460555	0.17504	-0.0979077	-0.0813032	-0.238028	-0.1598	
0.288905	0.196604	0.128763	-0.190124	-0.350267	-0.358826	-0.173117	-0.0450111	0.0811134	0.122291	0.45592	0.505264	0.420942	0.423244	0.484651	0.704894	0.660036	0.619655	0.581014	0.520965	0.508818	0.622685	0.435614	-0.0473722	-0.359729	-0.568911	-0.267974	-0.165316	0.0386704	0.151366	0.495551	0.79559	1	0.741206	0.599893	0.507654	0.460258	0.595542	0.537311	0.326439	0.330333	0.214322	0.240501	0.485563	0.70411	0.61959	0.416947	0.325051	0.159365	0.515521	0.571024	0.764218	0.821551	0.663046	0.645228	0.703247	0.566033	0.246571	0.174472	0.333945	0.537579	0.466405	0.556618	0.501808	0.294196	0.113401	0.124612	0.445178	0.42421	0.303581	0.599635	0.148313	0.0378556	-0.226764	-0.14722	-0.220765	-0.405572	-0.276771	-0.46697	-0.539138	-0.391886	-0.401067	-0.0851226	0.271599	0.50891	0.861309	0.717677	0.52623	0.532676	0.225307	-0.00530402	0.0967737	0.317729	0.520896	0.551526	0.506492	0.186693	-0.117344	-0.234567	-0.218333	
0.130894	0.506701	0.14565	0.161018	-0.139422	-0.211258	-0.278981	0.166618	0.129534	0.0920257	0.101264	0.42778	0.502318	0.291059	0.424742	0.321223	0.657401	0.649508	0.627004	0.476449	0.497131	0.485947	0.56614	0.387656	-0.161212	-0.59091	-0.616276	-0.175233	-0.0126652	0.126033	0.145062	0.511705	0.741206	1	0.786027	0.640251	0.556849	0.536106	0.593984	0.552899	0.452639	0.360207	0.161843	0.211584	0.410883	0.696686	0.551407	0.503567	0.382863	0.148965	0.567723	0.581865	0.706262	0.710309	0.723168	0.650301	0.73805	0.605125	0.1782	0.171293	0.1346	0.489266	0.294394	0.568312	0.453049	0.28287	0.073384	0.271748	0.28139	0.368945	0.159849	0.545812	0.0825534	-0.0254814	-0.244066	-0.202985	-0.3235	-0.396584	-0.215262	-0.44432	-0.555095	-0.374729	-0.13691	-0.000571813	0.362326	0.540133	0.893316	0.758773	0.735005	0.57857	0.250308	0.0715565	0.17719	0.308445	0.439002	0.538106	0.43496	-0.122207	-0.250746	-0.282777	
-0.0730822	0.359361	0.445124	0.279301	0.0213567	-0.152429	-0.00212141	-0.00734635	0.220939	0.137694	0.0848867	0.133067	0.129573	0.100128	0.26675	0.266443	0.332469	0.586838	0.447052	0.611974	0.278772	0.357751	0.379216	0.547759	0.143663	-0.55545	-0.487579	-0.451141	0.0102758	-0.0460641	0.109581	0.258941	0.599893	0.786027	1	0.655684	0.599032	0.497297	0.489511	0.77814	0.336487	0.523147	0.0140219	0.106768	0.188323	0.513845	0.62406	0.293731	0.526361	0.0149105	0.325763	0.486642	0.51418	0.592776	0.562811	0.600793	0.640951	0.625033	0.324454	-0.0682454	0.0347975	0.129031	0.373646	0.359166	0.669927	0.171731	0.247929	0.174644	0.284172	0.362849	0.158647	0.243979	0.538095	0.0412016	0.0240022	-0.420785	-0.230874	-0.183584	-0.0904954	-0.114931	-0.554342	-0.288299	-0.25388	0.0576447	0.18707	0.411813	0.707128	0.854108	0.770171	0.533153	0.157785	0.125747	0.0130974	0.23246	0.220476	0.340054	0.386394	-0.242979	-0.24987	-0.176276	
-0.196357	0.0926313	0.232694	0.350554	-0.0535477	-0.17416	0.00264249	0.139998	0.0708372	0.241365	0.146162	0.099977	0.276657	0.416394	0.0969913	0.509641	0.481538	0.351616	0.334126	0.665065	0.437382	0.00340594	0.193145	0.508989	0.193451	-0.385701	-0.465175	-0.378225	0.171438	0.444667	0.292935	0.362832	0.507654	0.640251	0.655684	1	0.367647	0.472806	0.462813	0.524289	0.290409	0.560063	0.509649	-0.0483536	0.328487	0.260411	0.534526	0.385935	0.374386	0.40543	0.481136	0.313742	0.505728	0.691815	0.44676	0.239702	0.531208	0.634404	0.403678	0.0972491	0.339767	0.19675	0.190821	0.350123	0.431622	0.583028	0.0715217	0.210935	0.452731	0.403819	0.246393	0.0825622	0.111478	0.213448	-0.0385903	-0.195497	-0.490301	-0.185239	-0.14428	-0.0884601	-0.26583	-0.32689	0.0597079	0.242965	0.27669	0.293407	0.566608	0.693823	0.4955	0.508721	0.175053	0.185519	0.255703	0.0207788	0.201798	0.27976	0.19408	0.184394	-0.326947	-0.229332	
0.137566	-0.00357074	0.102567	0.196685	0.235562	-0.158567	0.0227208	0.0371339	0.12205	0.00775477	0.193016	0.105991	-0.0242602	0.13647	0.512152	-0.0427946	0.522054	0.457877	0.139436	0.314523	0.477373	0.333698	-0.101831	0.321277	0.244473	-0.245294	-0.299206	-0.289917	-0.179184	0.0550832	0.35193	0.337321	0.460258	0.556849	0.599032	0.367647	1	0.059323	0.47949	0.56565	0.184525	0.278971	0.097393	0.508236	-0.0999961	0.568018	0.164526	0.335596	0.431879	-0.0817868	0.576738	0.403312	0.224545	0.421005	0.574119	0.317646	0.216209	0.434733	0.342557	0.229862	-0.0391223	0.446249	0.197421	0.239724	0.453158	0.0861489	0.626327	-0.084201	0.214072	0.5689	0.13555	0.329467	0.0913506	-0.0487681	0.197731	-0.331672	0.0564255	-0.450064	0.0631767	-0.0945586	-0.271189	0.028091	-0.272949	0.165447	0.357743	0.274005	0.406405	0.566802	0.580758	0.194331	0.138592	0.026869	0.047133	0.295235	-0.0544896	0.240298	0.206866	-0.312789	0.333271	-0.387279	
-0.13381	0.343267	-0.100967	-0.199368	-0.240669	0.0129457	-0.0784182	0.112401	0.0557473	0.0892613	-0.0394915	0.169604	0.415496	0.372538	0.218219	0.65703	0.114322	0.632353	0.283428	0.300229	0.0616961	0.369812	0.277068	-0.0181787	-0.147774	-0.241884	-0.19513	-0.170628	0.197384	0.237626	0.282886	0.534725	0.595542	0.536106	0.497297	0.472806	0.059323	1	0.0364313	0.545501	0.123458	0.33915	0.273087	0.113919	0.713349	0.00647092	0.685757	-0.181311	0.449328	0.276269	0.28987	0.635609	0.48169	0.418787	0.321111	0.450516	0.262882	0.212089	0.188092	0.20905	0.4775	0.159796	0.624782	0.170709	0.374592	0.322165	0.0274454	0.662646	0.150187	0.306774	0.517457	0.111466	0.293117	-0.298207	-0.18857	-0.0532904	-0.2545	0.11724	-0.516899	0.00218498	-0.329504	-0.0890278	0.229993	0.0670838	0.30088	0.450631	0.386287	0.438385	0.157092	0.365667	-0.00711965	0.148773	0.104105	0.0481649	0.315806	0.0232665	0.201441	0.16721	-0.299469	0.41121	
0.0363723	0.0172757	0.319921	-0.077791	-0.170579	-0.102271	0.167488	0.0436977	0.189782	0.0653733	0.087631	-0.0318139	-0.00596202	0.234577	0.341777	0.13637	0.624415	0.0459069	0.527661	0.226681	0.237647	-0.0311845	0.297861	0.164954	-0.160962	-0.305631	-0.259649	-0.121793	0.013483	0.181222	0.261607	0.371946	0.537311	0.593984	0.489511	0.462813	0.47949	0.0364313	1	0.0195477	0.57118	0.165059	0.204687	0.206441	0.104537	0.739083	-0.138429	0.762039	-0.186342	0.3525	0.370142	0.271887	0.538867	0.384936	0.371385	0.182617	0.457303	0.260517	0.0577064	0.136444	0.104832	0.445759	0.0349088	0.660695	0.0523798	0.359172	0.290761	0.0633109	0.56307	0.190778	0.151609	0.400371	0.0428695	0.251888	-0.318772	-0.20279	-0.0960265	-0.222024	0.256786	-0.446803	-0.00140382	-0.261539	0.00639334	0.335445	0.189307	0.354003	0.54088	0.285464	0.511551	0.0357121	0.157815	-0.0147757	0.161815	0.0963422	-0.0130707	0.281995	-0.123015	-0.19785	0.12034	-0.324392	
-0.234762	0.341552	0.180888	0.34779	0.177756	-0.0532811	0.00199955	0.0128407	0.0425529	0.166049	0.0336621	0.0571905	0.0497152	-0.0248195	0.259008	0.15179	0.0623921	0.631348	0.0554096	0.45313	0.263421	0.339748	0.0227098	0.497105	0.286156	-0.352224	-0.341944	-0.411124	-0.125778	-0.0321041	0.107965	0.209328	0.326439	0.552899	0.77814	0.524289	0.56565	0.545501	0.0195477	1	0.0156795	0.455776	0.058534	0.139454	0.123433	0.173837	0.7201	-0.162677	0.826585	-0.251736	0.278499	0.435835	0.186082	0.44554	0.487148	0.476468	0.290122	0.542889	0.412829	0.110733	-0.0291731	0.0442245	0.446799	0.0565246	0.624092	0.0968713	0.396065	0.167198	-0.019195	0.592517	0.0657558	0.105833	0.448995	-0.00662804	0.212305	-0.367519	-0.0606125	-0.161678	-0.220253	0.248108	-0.569943	-0.109021	-0.263242	-0.0997323	0.286884	0.168064	0.377126	0.803253	0.537912	0.492202	0.0406142	0.112748	-0.0486898	0.133194	0.142627	0.0935055	0.429036	-0.134085	-0.166667	0.00625964	
-0.00939065	0.0687232	0.282807	-0.0517878	-0.296989	-0.27586	0.0135289	0.582148	0.267197	-0.0178855	0.0286249	-0.103647	0.0257555	-0.0325527	0.114016	0.0982627	0.304538	0.0922783	0.630199	0.0398825	-0.137958	-0.0568511	0.21483	0.201262	-0.0213571	-0.521597	-0.551865	0.00689033	-0.0232498	0.0688462	-0.144828	0.155481	0.330333	0.452639	0.336487	0.290409	0.184525	0.123458	0.57118	0.0156795	1	0.0920323	0.00308335	0.0779067	0.140791	0.499326	0.150204	0.391174	-0.146367	0.352549	0.111103	0.252863	0.547361	0.189787	0.139881	0.276966	0.577464	0.32968	-0.216916	0.0245607	0.0525143	0.16441	-0.281587	0.561239	0.239469	-0.0274409	0.0134048	0.463872	-0.0697886	-0.0964918	0.0551291	0.598427	-0.0189492	0.0866592	-0.211518	-0.472493	-0.183115	0.0630985	0.0217641	-0.455601	-0.0579738	-0.319506	0.163341	-0.0857725	-0.052313	0.399954	0.371038	0.19681	0.398158	0.378345	0.470624	0.0872187	0.215893	0.0248222	-0.0388151	0.169598	-0.243861	-0.139127	0.0968549	-0.340106	
-0.00405293	0.0168427	0.0192713	0.162939	0.0148302	-0.207269	-0.314184	0.173814	0.577599	0.289022	0.00977116	0.0336918	0.200643	0.474358	-0.00648956	0.328952	0.213161	0.409099	0.182772	0.628689	0.119644	-0.129221	-0.0840427	0.252477	0.33468	-0.075211	-0.559325	-0.638083	0.305662	0.388927	0.300034	-0.000217124	0.214322	0.360207	0.523147	0.560063	0.278971	0.33915	0.165059	0.455776	0.0920323	1	0.458758	0.0381724	0.244808	0.0579139	0.541943	0.34392	0.46068	0.20789	0.501457	0.258635	0.310303	0.65593	0.357847	0.13059	0.292318	0.734269	0.613341	-0.0957888	0.296122	0.113709	0.179264	-0.271776	0.481609	0.51477	-0.0623428	0.0985835	0.433056	-0.085644	-0.00415719	-0.038811	0.429705	-0.225232	-0.0107745	-0.16501	-0.614979	-0.290727	-0.202021	-0.0902394	-0.467578	-0.224493	0.054889	0.324948	-0.0145621	0.0784818	0.386479	0.515561	0.236619	0.54247	0.438685	0.567581	0.31479	0.172976	0.0379002	0.0530549	0.190126	-0.174164	-0.232413	0.00630345	
