7.18189e-017	1.19327e-014	9.25075e-016	-4.85471e-014	3.6793e-014	1.36881e-014	-1.14779e-014	7.04345e-014	-8.03259e-015	-5.36291e-014	-3.08621e-014	-4.77968e-014	4.6799e-014	-1.58852e-014	6.76329e-015	-3.62701e-014	-2.8129e-014	7.36121e-014	2.15104e-014	-1.36043e-013	6.33652e-014	5.97148e-014	-1.61826e-014	-5.92016e-015	-9.19258e-015	4.86815e-014	-4.78225e-014	6.93461e-014	4.83218e-015	3.80244e-014	-6.30674e-014	-8.95329e-015	-3.6934e-014	1.04988e-013	-4.08486e-014	-5.9293e-014	6.0303e-014	3.78734e-014	-1.33519e-014	-8.83004e-015	4.90366e-014	-3.7055e-014	8.22803e-014	-2.70543e-014	3.78912e-015	-1.01927e-013	7.41551e-014	-6.97531e-014	1.53924e-014	-5.7319e-014	3.12078e-014	3.23015e-014	-1.41454e-014	5.90134e-015	-1.70414e-015	1.01007e-014	1.64923e-015	6.6926e-014	-9.3247e-014	1.8657e-014	3.0892e-014	-4.29802e-016	-5.76922e-014	-3.72446e-015	2.20389e-014	4.22856e-014	-1.32751e-014	3.77499e-014	-1.53753e-013	5.0447e-014	-1.77738e-014	7.74073e-014	-6.32276e-014	7.58431e-015	-2.34765e-014	5.13141e-014	-9.76356e-014	6.89255e-014	-1.45084e-015	-1.01745e-013	1.096e-014	-1.34228e-014	1.17217e-013	-4.47658e-014	4.4226e-014	1.0151e-014	-8.72074e-015	5.25027e-016	1.63898e-014	2.65742e-014	1.91716e-015	-3.58531e-014	7.83306e-014	-9.35816e-014	-3.13149e-016	1.91993e-014	-7.02403e-015	-2.41176e-014	4.74791e-014	-4.03704e-014	
1.19327e-014	2.80294e-012	1.54385e-013	-1.14253e-011	8.54665e-012	3.11938e-012	-2.74126e-012	1.69992e-011	-1.29929e-012	-1.22591e-011	-7.22241e-012	-1.13543e-011	1.08841e-011	-3.73326e-012	1.60819e-012	-8.58137e-012	-6.74626e-012	1.72054e-011	5.11026e-012	-3.19867e-011	1.4398e-011	1.36624e-011	-4.01499e-012	-1.49703e-012	-2.26881e-012	1.12678e-011	-1.14631e-011	1.6076e-011	1.10486e-012	9.07146e-012	-1.48015e-011	-2.14383e-012	-8.789e-012	2.45621e-011	-9.67954e-012	-1.3985e-011	1.39862e-011	8.87781e-012	-3.06031e-012	-1.97409e-012	1.1742e-011	-8.4875e-012	1.94805e-011	-6.03739e-012	1.19252e-012	-2.37006e-011	1.75638e-011	-1.62598e-011	3.72323e-012	-1.33599e-011	7.38206e-012	7.68225e-012	-3.13096e-012	1.61382e-012	-2.87235e-013	2.42031e-012	4.53145e-013	1.59134e-011	-2.1692e-011	4.46249e-012	7.36393e-012	5.48168e-014	-1.36329e-011	-9.5829e-013	5.12803e-012	9.88028e-012	-3.10581e-012	8.99401e-012	-3.60897e-011	1.16355e-011	-4.42424e-012	1.82183e-011	-1.4839e-011	1.6029e-012	-5.7164e-012	1.17608e-011	-2.31634e-011	1.59173e-011	-6.36006e-013	-2.42885e-011	2.06858e-012	-3.67661e-012	2.73548e-011	-1.05648e-011	1.02628e-011	2.3877e-012	-1.97954e-012	9.64924e-014	3.79379e-012	6.34185e-012	8.32598e-013	-7.97945e-012	1.88326e-011	-2.17352e-011	-4.80116e-014	4.45091e-012	-1.73593e-012	-5.69876e-012	1.10809e-011	-9.50695e-012	
9.25075e-016	1.54385e-013	6.79205e-014	-6.27588e-013	2.47487e-013	3.41114e-013	-9.17922e-014	8.51734e-013	2.50621e-013	-6.8145e-013	-6.18103e-013	-7.58155e-013	3.72543e-013	1.10223e-015	1.32274e-014	-4.36079e-013	-5.36345e-013	8.09844e-013	6.11871e-013	-1.65455e-012	1.88888e-013	1.03144e-012	3.76656e-014	-1.67214e-013	-1.56838e-013	5.79282e-013	-4.04007e-013	6.59108e-013	3.66443e-013	5.10963e-013	-6.28376e-013	-4.04855e-013	-5.24779e-013	1.17814e-012	-4.85629e-014	-9.60763e-013	4.98685e-013	7.56231e-013	7.76568e-016	-1.69317e-013	5.99662e-013	-2.35748e-013	9.11752e-013	4.41495e-014	-5.24991e-014	-1.27696e-012	5.0374e-013	-5.47803e-013	-1.14339e-013	-6.63463e-013	1.44784e-013	5.66272e-013	-2.58522e-014	2.52723e-014	2.30401e-014	1.33898e-013	7.24009e-014	8.78164e-013	-8.81528e-013	-1.73544e-013	4.91569e-013	1.45636e-013	-7.3405e-013	-3.1966e-013	2.57656e-013	6.4599e-013	2.20493e-014	4.27615e-013	-1.80509e-012	-5.75112e-014	-1.35729e-014	8.9858e-013	-4.58739e-013	-1.90075e-013	-2.81735e-013	5.38973e-013	-1.04617e-012	4.19269e-013	2.79782e-013	-1.34383e-012	-3.6012e-013	-1.64317e-013	1.41177e-012	-5.28903e-014	3.64347e-013	3.27252e-013	-6.68934e-014	-2.7411e-014	2.13765e-013	4.15043e-013	1.52973e-013	-4.28528e-013	8.81075e-013	-8.12664e-013	-4.14532e-013	2.48749e-013	-5.80807e-015	-3.50619e-013	4.98395e-013	-3.06776e-013	
-4.85471e-014	-1.14253e-011	-6.27588e-013	4.65778e-011	-3.48497e-011	-1.27002e-011	1.11802e-011	-6.92903e-011	5.27794e-012	4.99401e-011	2.94169e-011	4.62807e-011	-4.43683e-011	1.52331e-011	-6.5616e-012	3.4981e-011	2.74962e-011	-7.0131e-011	-2.08123e-011	1.30384e-010	-5.87169e-011	-5.56429e-011	1.63885e-011	6.10927e-012	9.2503e-012	-4.59271e-011	4.67457e-011	-6.55287e-011	-4.47758e-012	-3.69797e-011	6.03333e-011	8.72833e-012	3.5827e-011	-1.00123e-010	3.94825e-011	5.70013e-011	-5.70213e-011	-3.61628e-011	1.24778e-011	8.0405e-012	-4.78697e-011	3.45938e-011	-7.94262e-011	2.46229e-011	-4.8881e-012	9.65995e-011	-7.16285e-011	6.62917e-011	-1.51996e-011	5.44592e-011	-3.01098e-011	-3.13083e-011	1.27629e-011	-6.59204e-012	1.16014e-012	-9.86959e-012	-1.84669e-012	-6.48701e-011	8.84248e-011	-1.8221e-011	-3.00126e-011	-2.24903e-013	5.55618e-011	3.90452e-012	-2.09013e-011	-4.02683e-011	1.26718e-011	-3.66667e-011	1.47111e-010	-4.74618e-011	1.8062e-011	-7.42553e-011	6.04964e-011	-6.54741e-012	2.33168e-011	-4.79378e-011	9.44492e-011	-6.48966e-011	2.62359e-012	9.90182e-011	-8.43175e-012	1.50165e-011	-1.11482e-010	4.30909e-011	-4.18433e-011	-9.71344e-012	8.06642e-012	-3.98904e-013	-1.54611e-011	-2.58441e-011	-3.39488e-012	3.25033e-011	-7.6795e-011	8.8593e-011	1.66084e-013	-1.81396e-011	7.08245e-012	2.32335e-011	-4.51739e-011	3.87685e-011	
3.6793e-014	8.54665e-012	2.47487e-013	-3.48497e-011	2.70244e-011	8.82722e-012	-8.59605e-012	5.20186e-011	-5.43808e-012	-3.74124e-011	-2.10916e-011	-3.40351e-011	3.41532e-011	-1.22537e-011	5.21555e-012	-2.62973e-011	-1.98478e-011	5.30498e-011	1.4184e-011	-9.79604e-011	4.65803e-011	4.05579e-011	-1.32653e-011	-4.19749e-012	-6.75523e-012	3.45783e-011	-3.58375e-011	5.00124e-011	2.08632e-012	2.75722e-011	-4.58962e-011	-5.33705e-012	-2.6598e-011	7.56455e-011	-3.15083e-011	-4.18409e-011	4.38342e-011	2.59419e-011	-1.00527e-011	-5.79526e-012	3.59323e-011	-2.68912e-011	6.00421e-011	-2.00756e-011	4.06577e-012	-7.24502e-011	5.54592e-011	-5.10627e-011	1.26592e-011	-4.10707e-011	2.35933e-011	2.27986e-011	-1.02098e-011	5.12814e-012	-1.05187e-012	7.36897e-012	1.1655e-012	4.84586e-011	-6.74974e-011	1.53449e-011	2.20596e-011	-4.63262e-013	-4.15934e-011	-1.80515e-012	1.57511e-011	2.97206e-011	-1.02827e-011	2.76673e-011	-1.10802e-010	3.84567e-011	-1.43948e-011	5.59539e-011	-4.67287e-011	6.10725e-012	-1.75263e-011	3.64015e-011	-7.15451e-011	5.05171e-011	-3.17827e-012	-7.39292e-011	8.40818e-012	-1.12446e-011	8.38159e-011	-3.44003e-011	3.21734e-011	6.44619e-012	-6.22611e-012	4.47332e-013	1.15618e-011	1.90236e-011	1.97399e-012	-2.4484e-011	5.7969e-011	-6.79157e-011	1.57695e-012	1.35713e-011	-5.64134e-012	-1.72242e-011	3.42797e-011	-2.9894e-011	
1.36881e-014	3.11938e-012	3.41114e-013	-1.27002e-011	8.82722e-012	3.9824e-012	-2.87128e-012	1.87254e-011	-4.76129e-013	-1.36809e-011	-8.72009e-012	-1.30399e-011	1.14338e-011	-3.52277e-012	1.56034e-012	-9.44699e-012	-8.00862e-012	1.87388e-011	6.69053e-012	-3.5287e-011	1.41547e-011	1.60672e-011	-3.69494e-012	-1.91127e-012	-2.62579e-012	1.24053e-011	-1.20823e-011	1.72072e-011	2.16609e-012	1.01386e-011	-1.5927e-011	-3.24546e-012	-9.90941e-012	2.68081e-011	-9.31845e-012	-1.61328e-011	1.4732e-011	1.07036e-011	-2.89735e-012	-2.37412e-012	1.29416e-011	-8.7513e-012	2.11882e-011	-5.56037e-012	9.64909e-013	-2.62816e-011	1.81448e-011	-1.70419e-011	3.18112e-012	-1.46417e-011	7.42181e-012	8.98837e-012	-3.03472e-012	1.60986e-012	-2.14136e-013	2.69301e-012	6.50655e-013	1.77276e-011	-2.31962e-011	3.69417e-012	8.46547e-012	4.91152e-013	-1.5148e-011	-1.85643e-012	5.63194e-012	1.12965e-011	-2.86972e-012	9.81545e-012	-3.96219e-011	1.08267e-011	-4.22774e-012	1.99843e-011	-1.54488e-011	9.26732e-013	-6.25782e-012	1.27407e-011	-2.50753e-011	1.63228e-011	2.35549e-013	-2.70649e-011	8.64557e-013	-3.98181e-012	3.01864e-011	-1.01703e-011	1.0802e-011	3.26451e-012	-2.07729e-012	-1.60799e-015	4.23555e-012	7.27257e-012	1.27949e-012	-8.84118e-012	2.04943e-011	-2.30477e-011	-1.30697e-012	4.96303e-012	-1.66755e-012	-6.44454e-012	1.19855e-011	-9.91954e-012	
-1.14779e-014	-2.74126e-012	-9.17922e-014	1.11802e-011	-8.59605e-012	-2.87128e-012	2.74424e-012	-1.66949e-011	1.59827e-012	1.1969e-011	6.82409e-012	1.09658e-011	-1.08787e-011	3.87179e-012	-1.65316e-012	8.42892e-012	6.42553e-012	-1.69672e-011	-4.64897e-012	3.13905e-011	-1.47272e-011	-1.30538e-011	4.19884e-012	1.38134e-012	2.18524e-012	-1.10647e-011	1.14488e-011	-1.59568e-011	-7.52869e-013	-8.85849e-012	1.46641e-011	1.79854e-012	8.55245e-012	-2.42034e-011	9.97343e-012	1.34806e-011	-1.39665e-011	-8.39408e-012	3.1685e-012	1.86775e-012	-1.153e-011	8.53844e-012	-1.92259e-011	6.30432e-012	-1.29792e-012	2.32087e-011	-1.76681e-011	1.62671e-011	-3.97805e-012	1.31437e-011	-7.49707e-012	-7.36148e-012	3.21598e-012	-1.64648e-012	3.14812e-013	-2.36823e-012	-3.93071e-013	-1.55593e-011	2.154e-011	-4.80904e-012	-7.10877e-012	9.35059e-014	1.33405e-011	6.64828e-013	-5.0405e-012	-9.55779e-012	3.24184e-012	-8.86489e-012	3.54831e-011	-1.2116e-011	4.57349e-012	-1.79172e-011	1.48818e-011	-1.8644e-012	5.63051e-012	-1.16197e-011	2.29031e-011	-1.60478e-011	9.54856e-013	2.37474e-011	-2.51558e-012	3.64232e-012	-2.68368e-011	1.0885e-011	-1.02515e-011	-2.12248e-012	1.97847e-012	-1.32684e-013	-3.70477e-012	-6.12789e-012	-6.9547e-013	7.81053e-012	-1.85865e-011	2.16486e-011	-3.90726e-013	-4.34873e-012	1.79068e-012	5.53894e-012	-1.09571e-011	9.52867e-012	
7.04345e-014	1.69992e-011	8.51734e-013	-6.92903e-011	5.20186e-011	1.87254e-011	-1.66949e-011	1.03358e-010	-8.04256e-012	-7.42692e-011	-4.35934e-011	-6.87672e-011	6.62095e-011	-2.28386e-011	9.83118e-012	-5.21032e-011	-4.07922e-011	1.04466e-010	3.06875e-011	-1.94118e-010	8.77452e-011	8.25052e-011	-2.46698e-011	-9.01442e-012	-1.37619e-011	6.83238e-011	-6.98175e-011	9.7663e-011	6.40389e-012	5.50506e-011	-8.99656e-011	-1.27244e-011	-5.32984e-011	1.4911e-010	-5.92129e-011	-8.46379e-011	8.50311e-011	5.35885e-011	-1.87092e-011	-1.18807e-011	7.13335e-011	-5.16499e-011	1.1834e-010	-3.68825e-011	7.42501e-012	-1.43694e-010	1.07015e-010	-9.89185e-011	2.2926e-011	-8.10611e-011	4.50396e-011	4.64814e-011	-1.90753e-011	9.9166e-012	-1.76068e-012	1.46887e-011	2.72187e-012	9.65724e-011	-1.3181e-010	2.74934e-011	4.46142e-011	2.33176e-013	-8.27434e-011	-5.55682e-012	3.11115e-011	5.98012e-011	-1.90199e-011	5.4657e-011	-2.19057e-010	7.11853e-011	-2.71246e-011	1.10626e-010	-9.03607e-011	9.93267e-012	-3.47519e-011	7.13377e-011	-1.4076e-010	9.69034e-011	-4.25322e-012	-1.47417e-010	1.28715e-011	-2.24807e-011	1.65973e-010	-6.46168e-011	6.23942e-011	1.43035e-011	-1.20298e-011	6.01084e-013	2.29878e-011	3.84385e-011	5.07311e-012	-4.82803e-011	1.14492e-010	-1.3215e-010	1.12747e-013	2.69733e-011	-1.06458e-011	-3.45268e-011	6.72866e-011	-5.78724e-011	
-8.03259e-015	-1.29929e-012	2.50621e-013	5.27794e-012	-5.43808e-012	-4.76129e-013	1.59827e-012	-8.04256e-012	3.16695e-012	5.97578e-012	2.01086e-012	4.31754e-012	-6.57145e-012	3.01491e-012	-1.19666e-012	4.15614e-012	1.97081e-012	-8.92362e-012	-2.53925e-013	1.5482e-011	-1.08647e-011	-4.94607e-012	3.28832e-012	5.52698e-014	7.5482e-013	-5.62857e-012	6.53257e-012	-9.0659e-012	1.35841e-012	-4.01252e-012	8.05887e-012	-8.43396e-013	3.71917e-012	-1.25716e-011	7.44745e-012	5.2326e-012	-8.33714e-012	-2.47629e-012	2.55086e-012	6.23969e-013	-5.54426e-012	5.59003e-012	-9.89204e-012	5.43054e-012	-1.00587e-012	1.13813e-011	-1.09051e-011	9.82544e-012	-3.62532e-012	6.73564e-012	-5.00862e-012	-2.58372e-012	2.54031e-012	-9.39453e-013	4.92101e-013	-1.07187e-012	1.44917e-013	-7.19862e-012	1.22122e-011	-4.61144e-012	-2.78561e-012	1.01178e-012	6.37346e-012	-1.31703e-012	-2.57755e-012	-3.98647e-012	2.65558e-012	-4.48508e-012	1.79054e-011	-9.9486e-012	3.25705e-012	-9.09138e-012	9.14904e-012	-2.63519e-012	2.6656e-012	-6.38732e-012	1.19518e-011	-1.04842e-011	1.99549e-012	1.0874e-011	-4.38876e-012	1.46103e-012	-1.34677e-011	8.16928e-012	-6.11929e-012	1.05797e-013	1.2468e-012	-2.65083e-013	-1.77981e-012	-2.45063e-012	6.13122e-013	4.17398e-012	-9.31046e-012	1.27277e-011	-2.52102e-012	-2.09448e-012	1.29245e-012	2.37298e-012	-5.89591e-012	5.73554e-012	
-5.36291e-014	-1.22591e-011	-6.8145e-013	4.99401e-011	-3.74124e-011	-1.36809e-011	1.1969e-011	-7.42692e-011	5.97578e-012	5.38147e-011	3.16283e-011	4.96018e-011	-4.76756e-011	1.6319e-011	-7.02342e-012	3.75199e-011	2.94417e-011	-7.53108e-011	-2.2323e-011	1.39916e-010	-6.31297e-011	-5.99566e-011	1.7487e-011	6.47246e-012	9.88029e-012	-4.93412e-011	5.00613e-011	-7.04189e-011	-4.86348e-012	-3.96284e-011	6.47889e-011	9.33345e-012	3.83968e-011	-1.07481e-010	4.23333e-011	6.11191e-011	-6.12381e-011	-3.88617e-011	1.34326e-011	8.6665e-012	-5.12865e-011	3.72426e-011	-8.51261e-011	2.65241e-011	-5.06774e-012	1.03754e-010	-7.67644e-011	7.11796e-011	-1.62501e-011	5.8467e-011	-3.22661e-011	-3.35637e-011	1.37744e-011	-6.96661e-012	1.33508e-012	-1.05586e-011	-1.95587e-012	-6.95361e-011	9.49869e-011	-1.94836e-011	-3.2176e-011	-1.6063e-013	5.96443e-011	4.10918e-012	-2.24518e-011	-4.32202e-011	1.35893e-011	-3.93025e-011	1.57884e-010	-5.09882e-011	1.924e-011	-7.97221e-011	6.49564e-011	-7.07016e-012	2.49004e-011	-5.15389e-011	1.01191e-010	-6.97408e-011	2.67051e-012	1.06082e-010	-9.28883e-012	1.58484e-011	-1.1979e-010	4.62249e-011	-4.49259e-011	-1.04677e-011	8.69485e-012	-4.14664e-013	-1.66167e-011	-2.77218e-011	-3.51981e-012	3.50945e-011	-8.21861e-011	9.52334e-011	2.26832e-013	-1.94917e-011	7.56969e-012	2.48898e-011	-4.84847e-011	4.1565e-011	
-3.08621e-014	-7.22241e-012	-6.18103e-013	2.94169e-011	-2.10916e-011	-8.72009e-012	6.82409e-012	-4.35934e-011	2.01086e-012	3.16283e-011	1.95343e-011	2.98088e-011	-2.71275e-011	8.76571e-012	-3.83535e-012	2.19793e-011	1.80664e-011	-4.37811e-011	-1.45241e-011	8.20095e-011	-3.45385e-011	-3.63534e-011	9.3196e-012	4.1891e-012	5.98982e-012	-2.88395e-011	2.86462e-011	-4.04911e-011	-4.11168e-012	-2.3444e-011	3.74119e-011	6.68101e-012	2.28279e-011	-6.25752e-011	2.29927e-011	3.68021e-011	-3.49016e-011	-2.39902e-011	7.19801e-012	5.3173e-012	-3.01053e-011	2.09253e-011	-4.95406e-011	1.39706e-011	-2.59967e-012	6.09254e-011	-4.33771e-011	4.04704e-011	-8.3048e-012	3.41109e-011	-1.79547e-011	-2.03938e-011	7.44867e-012	-3.92282e-012	5.96627e-013	-6.23743e-012	-1.36957e-012	-4.1044e-011	5.46113e-011	-9.78799e-012	-1.93489e-011	-7.28781e-013	3.51115e-011	3.53088e-012	-1.31098e-011	-2.5858e-011	7.21077e-012	-2.29254e-011	9.22658e-011	-2.71066e-011	1.04764e-011	-4.65648e-011	3.6808e-011	-2.95958e-012	1.45993e-011	-2.98119e-011	5.87479e-011	-3.91218e-011	3.88114e-013	6.26593e-011	-3.36423e-012	9.35695e-012	-7.01427e-011	2.50926e-011	-2.55982e-011	-6.9768e-012	4.92824e-012	-9.62435e-014	-9.79013e-012	-1.66425e-011	-2.65375e-012	2.04812e-011	-4.79282e-011	5.44635e-011	1.81396e-012	-1.1478e-011	4.12468e-012	1.48204e-011	-2.80788e-011	2.36062e-011	
-4.77968e-014	-1.13543e-011	-7.58155e-013	4.62807e-011	-3.40351e-011	-1.30399e-011	1.09658e-011	-6.87672e-011	4.31754e-012	4.96018e-011	2.98088e-011	4.63587e-011	-4.3495e-011	1.46014e-011	-6.32909e-012	3.46856e-011	2.77754e-011	-6.93316e-011	-2.15469e-011	1.29314e-010	-5.6682e-011	-5.59668e-011	1.5664e-011	6.2997e-012	9.29707e-012	-4.54995e-011	4.59189e-011	-6.45028e-011	-5.24061e-012	-3.68098e-011	5.94898e-011	9.41395e-012	3.57327e-011	-9.90353e-011	3.80126e-011	5.71424e-011	-5.59283e-011	-3.66345e-011	1.19539e-011	8.12487e-012	-4.75018e-011	3.37497e-011	-7.85412e-011	2.34309e-011	-4.60192e-012	9.58784e-011	-7.0015e-011	6.49616e-011	-1.43038e-011	5.39111e-011	-2.92561e-011	-3.15032e-011	1.22684e-011	-6.43115e-012	1.04226e-012	-9.8163e-012	-1.97083e-012	-6.45141e-011	8.70346e-011	-1.70389e-011	-3.00736e-011	-6.16724e-013	5.52074e-011	4.56922e-012	-2.06992e-011	-4.02661e-011	1.20917e-011	-3.62944e-011	1.4573e-010	-4.5324e-011	1.74002e-011	-7.35499e-011	5.92092e-011	-5.74781e-012	2.31187e-011	-4.72956e-011	9.33045e-011	-6.32625e-011	1.85396e-012	9.84978e-011	-7.06859e-012	1.49193e-011	-1.10537e-010	4.14789e-011	-4.10357e-011	-1.01691e-011	7.89718e-012	-3.00121e-013	-1.5367e-011	-2.58819e-011	-3.73698e-012	3.21926e-011	-7.59965e-011	8.70261e-011	1.22715e-012	-1.80252e-011	6.8274e-012	2.31832e-011	-4.4587e-011	3.79699e-011	
4.6799e-014	1.08841e-011	3.72543e-013	-4.43683e-011	3.41532e-011	1.14338e-011	-1.08787e-011	6.62095e-011	-6.57145e-012	-4.76756e-011	-2.71275e-011	-4.3495e-011	4.32449e-011	-1.53629e-011	6.55448e-012	-3.34548e-011	-2.5464e-011	6.7411e-011	1.84422e-011	-1.24644e-010	5.85953e-011	5.19914e-011	-1.66064e-011	-5.42874e-012	-8.64223e-012	4.39802e-011	-4.53909e-011	6.34366e-011	3.01751e-012	3.51333e-011	-5.82568e-011	-7.11396e-012	-3.39225e-011	9.61381e-011	-3.9586e-011	-5.34922e-011	5.55038e-011	3.33567e-011	-1.26144e-011	-7.44393e-012	4.57203e-011	-3.39919e-011	7.62736e-011	-2.51216e-011	5.0345e-012	-9.22262e-011	7.00983e-011	-6.46324e-011	1.57608e-011	-5.22143e-011	2.97457e-011	2.92015e-011	-1.28313e-011	6.46203e-012	-1.30945e-012	9.38192e-012	1.54036e-012	6.17243e-011	-8.56068e-011	1.90599e-011	2.81998e-011	-4.31099e-013	-5.2977e-011	-2.58298e-012	2.00313e-011	3.79578e-011	-1.28728e-011	3.5167e-011	-1.40909e-010	4.81724e-011	-1.80669e-011	7.1165e-011	-5.91212e-011	7.44738e-012	-2.22754e-011	4.62172e-011	-9.08391e-011	6.38081e-011	-3.6952e-012	-9.41669e-011	1.01714e-011	-1.42757e-011	1.06665e-010	-4.32199e-011	4.07333e-011	8.44764e-012	-7.88368e-012	5.2227e-013	1.47289e-011	2.43165e-011	2.66121e-012	-3.1167e-011	7.36484e-011	-8.60788e-011	1.53156e-012	1.72865e-011	-7.08866e-012	-2.1967e-011	4.35203e-011	-3.78178e-011	
-1.58852e-014	-3.73326e-012	1.10223e-015	1.52331e-011	-1.22537e-011	-3.52277e-012	3.87179e-012	-2.28386e-011	3.01491e-012	1.6319e-011	8.76571e-012	1.46014e-011	-1.53629e-011	5.76636e-012	-2.42815e-012	1.15531e-011	8.34071e-012	-2.34403e-011	-5.53866e-012	4.29919e-011	-2.1577e-011	-1.71541e-011	6.29725e-012	1.67307e-012	2.88337e-012	-1.51946e-011	1.60922e-011	-2.2295e-011	-2.98155e-013	-1.20135e-011	2.04031e-011	1.76942e-012	1.15329e-011	-3.33881e-011	1.4712e-011	1.79045e-011	-1.96947e-011	-1.0792e-011	4.724e-012	2.41706e-012	-1.57744e-011	1.2202e-011	-2.65473e-011	9.5316e-012	-2.01034e-012	3.17119e-011	-2.51404e-011	2.2995e-011	-6.1577e-012	1.80898e-011	-1.08244e-011	-9.67025e-012	4.75623e-012	-2.35902e-012	5.28533e-013	-3.21894e-012	-4.12518e-013	-2.11527e-011	3.01031e-011	-7.53422e-012	-9.45726e-012	4.85045e-013	1.8181e-011	2.72597e-013	-6.92977e-012	-1.27867e-011	4.8756e-012	-1.221e-011	4.87534e-011	-1.81891e-011	6.74049e-012	-2.46287e-011	2.11068e-011	-3.23125e-012	7.72199e-012	-1.61324e-011	3.17099e-011	-2.29797e-011	2.00158e-012	3.22654e-011	-4.61806e-012	4.97805e-012	-3.67785e-011	1.60627e-011	-1.44609e-011	-2.41731e-012	2.80237e-012	-2.67793e-013	-5.04214e-012	-8.16689e-012	-6.25294e-013	1.07252e-011	-2.56202e-011	3.04131e-011	-1.50899e-012	-5.92247e-012	2.63561e-012	7.45712e-012	-1.52015e-011	1.34902e-011	
6.76329e-015	1.60819e-012	1.32274e-014	-6.5616e-012	5.21555e-012	1.56034e-012	-1.65316e-012	9.83118e-012	-1.19666e-012	-7.02342e-012	-3.83535e-012	-6.32909e-012	6.55448e-012	-2.42815e-012	1.0262e-012	-4.96902e-012	-3.64106e-012	1.00586e-011	2.47642e-012	-1.84925e-011	9.11726e-012	7.45566e-012	-2.64944e-012	-7.45731e-013	-1.25382e-012	6.52933e-012	-6.8779e-012	9.53761e-012	2.10358e-013	5.18238e-012	-8.73966e-012	-8.39918e-013	-4.98232e-012	1.43332e-011	-6.21032e-012	-7.76511e-012	8.40559e-012	4.721e-012	-1.98766e-012	-1.05446e-012	6.78945e-012	-5.18858e-012	1.13965e-011	-3.99523e-012	8.42122e-013	-1.36461e-011	1.07092e-011	-9.8088e-012	2.56988e-012	-7.76998e-012	4.59386e-012	4.20701e-012	-2.00399e-012	1.00558e-012	-2.14851e-013	1.38794e-012	1.92361e-013	9.11833e-012	-1.2878e-011	3.13486e-012	4.10047e-012	-1.66526e-013	-7.83103e-012	-1.90424e-013	2.97719e-012	5.53371e-012	-2.04795e-012	5.24553e-012	-2.09525e-011	7.64153e-012	-2.84853e-012	1.05836e-011	-8.99662e-012	1.31155e-012	-3.32276e-012	6.9113e-012	-1.36038e-011	9.76841e-012	-7.86094e-013	-1.3912e-011	1.84822e-012	-2.14853e-012	1.58146e-011	-6.77933e-012	6.17143e-012	1.0948e-012	-1.1941e-012	1.0531e-013	2.17175e-012	3.53928e-012	3.09978e-013	-4.60497e-012	1.10066e-011	-1.29925e-011	5.39678e-013	2.55056e-012	-1.11394e-012	-3.22263e-012	6.51601e-012	-5.75337e-012	
-3.62701e-014	-8.58137e-012	-4.36079e-013	3.4981e-011	-2.62973e-011	-9.44699e-012	8.42892e-012	-5.21032e-011	4.15614e-012	3.75199e-011	2.19793e-011	3.46856e-011	-3.34548e-011	1.15531e-011	-4.96902e-012	2.62954e-011	2.0559e-011	-5.27553e-011	-1.54495e-011	9.79935e-011	-4.44305e-011	-4.16529e-011	1.24512e-011	4.53552e-012	6.92951e-012	-3.45181e-011	3.52356e-011	-4.93476e-011	-3.19926e-012	-2.7769e-011	4.54263e-011	6.39362e-012	2.68863e-011	-7.53003e-011	2.99251e-011	4.27039e-011	-4.29777e-011	-2.70197e-011	9.46842e-012	6.00552e-012	-3.59816e-011	2.61179e-011	-5.97405e-011	1.87017e-011	-3.72867e-012	7.25723e-011	-5.40527e-011	4.9985e-011	-1.15918e-011	4.09431e-011	-2.2758e-011	-2.34363e-011	9.66877e-012	-4.98388e-012	8.99547e-013	-7.41077e-012	-1.36048e-012	-4.87228e-011	6.65933e-011	-1.39143e-011	-2.2496e-011	-8.64441e-014	4.17492e-011	2.77718e-012	-1.57134e-011	-3.01873e-011	9.6236e-012	-2.75787e-011	1.10599e-010	-3.60347e-011	1.36881e-011	-5.58391e-011	4.56434e-011	-5.0697e-012	1.75257e-011	-3.60649e-011	7.10587e-011	-4.89986e-011	2.14155e-012	7.43658e-011	-6.6041e-012	1.1291e-011	-8.37997e-011	3.2661e-011	-3.15374e-011	-7.19293e-012	6.08394e-012	-3.14621e-013	-1.16108e-011	-1.93786e-011	-2.49319e-012	2.4426e-011	-5.776e-011	6.67665e-011	-9.95028e-014	-1.36233e-011	5.37001e-012	1.74262e-011	-3.39901e-011	2.92361e-011	
-2.8129e-014	-6.74626e-012	-5.36345e-013	2.74962e-011	-1.98478e-011	-8.00862e-012	6.42553e-012	-4.07922e-011	1.97081e-012	2.94417e-011	1.80664e-011	2.77754e-011	-2.5464e-011	8.34071e-012	-3.64106e-012	2.0559e-011	1.67872e-011	-4.0962e-011	-1.33438e-011	7.6666e-011	-3.26325e-011	-3.36604e-011	8.91821e-012	3.89133e-012	5.59023e-012	-2.69439e-011	2.69478e-011	-3.79323e-011	-3.6056e-012	-2.19086e-011	3.50467e-011	6.06011e-012	2.1312e-011	-5.85481e-011	2.18162e-011	3.42651e-011	-3.27665e-011	-2.21987e-011	6.8201e-012	4.91132e-012	-2.81793e-011	1.96521e-011	-4.64244e-011	1.32692e-011	-2.58121e-012	5.68884e-011	-4.087e-011	3.80197e-011	-7.99748e-012	3.19e-011	-1.69663e-011	-1.89622e-011	7.02691e-012	-3.74874e-012	5.4436e-013	-5.83903e-012	-1.25653e-012	-3.83613e-011	5.118e-011	-9.45627e-012	-1.8023e-011	-6.16373e-013	3.27903e-011	3.15311e-012	-1.22523e-011	-2.40807e-011	6.8705e-012	-2.14735e-011	8.62905e-011	-2.57727e-011	9.99885e-012	-4.35405e-011	3.46027e-011	-2.93991e-012	1.37078e-011	-2.78843e-011	5.50945e-011	-3.68129e-011	6.32741e-013	5.85859e-011	-3.36905e-012	8.87084e-012	-6.55059e-011	2.37997e-011	-2.4039e-011	-6.3614e-012	4.61563e-012	-1.20138e-013	-9.13081e-012	-1.54999e-011	-2.44777e-012	1.9052e-011	-4.49587e-011	5.1059e-011	1.39234e-012	-1.07078e-011	3.92396e-012	1.38364e-011	-2.63003e-011	2.22121e-011	
7.36121e-014	1.72054e-011	8.09844e-013	-7.0131e-011	5.30498e-011	1.87388e-011	-1.69672e-011	1.04466e-010	-8.92362e-012	-7.53108e-011	-4.37811e-011	-6.93316e-011	6.7411e-011	-2.34403e-011	1.00586e-011	-5.27553e-011	-4.0962e-011	1.05982e-010	3.05168e-011	-1.96612e-010	9.00183e-011	8.32378e-011	-2.52564e-011	-8.94975e-012	-1.3822e-011	6.93068e-011	-7.08924e-011	9.93019e-011	6.01332e-012	5.56248e-011	-9.13357e-011	-1.24215e-011	-5.3822e-011	1.51236e-010	-6.06295e-011	-8.53478e-011	8.65804e-011	5.38214e-011	-1.92323e-011	-1.19853e-011	7.2148e-011	-5.27359e-011	1.19953e-010	-3.80849e-011	7.55343e-012	-1.45607e-010	1.08959e-010	-1.00719e-010	2.36424e-011	-8.22139e-011	4.59672e-011	4.67722e-011	-1.9633e-011	1.00181e-011	-1.88762e-012	1.48446e-011	2.6468e-012	9.76359e-011	-1.33995e-010	2.84396e-011	4.4961e-011	-6.01342e-014	-8.37104e-011	-5.18475e-012	3.15514e-011	6.0401e-011	-1.95576e-011	5.53534e-011	-2.22001e-010	7.32432e-011	-2.76871e-011	1.12091e-010	-9.20019e-011	1.05845e-011	-3.51286e-011	7.25311e-011	-1.42717e-010	9.89275e-011	-4.63934e-012	-1.48991e-010	1.40129e-011	-2.25505e-011	1.68196e-010	-6.61841e-011	6.35336e-011	1.41596e-011	-1.22734e-011	6.80601e-013	2.32877e-011	3.87406e-011	4.75658e-012	-4.91055e-011	1.15903e-010	-1.34451e-010	7.45367e-013	2.7325e-011	-1.08655e-011	-3.48796e-011	6.83178e-011	-5.89021e-011	
2.15104e-014	5.11026e-012	6.11871e-013	-2.08123e-011	1.4184e-011	6.69053e-012	-4.64897e-012	3.06875e-011	-2.53925e-013	-2.2323e-011	-1.45241e-011	-2.15469e-011	1.84422e-011	-5.53866e-012	2.47642e-012	-1.54495e-011	-1.33438e-011	3.05168e-011	1.13502e-011	-5.76911e-011	2.23819e-011	2.65347e-011	-5.81491e-012	-3.25894e-012	-4.36629e-012	2.02329e-011	-1.95945e-011	2.78744e-011	3.88401e-012	1.66578e-011	-2.58714e-011	-5.65529e-012	-1.63094e-011	4.36922e-011	-1.47357e-011	-2.66627e-011	2.37805e-011	1.78293e-011	-4.53283e-012	-3.93259e-012	2.12042e-011	-1.40133e-011	3.45705e-011	-8.60066e-012	1.52972e-012	-4.29597e-011	2.92383e-011	-2.74905e-011	4.87711e-012	-2.38779e-011	1.18759e-011	1.49116e-011	-4.75485e-012	2.62521e-012	-2.72984e-013	4.42592e-012	1.13681e-012	2.90926e-011	-3.75873e-011	5.59863e-012	1.39924e-011	1.00894e-012	-2.48119e-011	-3.37119e-012	9.18502e-012	1.86092e-011	-4.47946e-012	1.60344e-011	-6.46925e-011	1.68885e-011	-6.73238e-012	3.26227e-011	-2.48933e-011	1.15778e-012	-1.02698e-011	2.06742e-011	-4.08827e-011	2.61493e-011	6.65414e-013	-4.44466e-011	7.42285e-013	-6.62013e-012	4.92882e-011	-1.60709e-011	1.7437e-011	5.56714e-012	-3.33609e-012	-4.4452e-014	6.92932e-012	1.20116e-011	2.31385e-012	-1.4353e-011	3.35123e-011	-3.72485e-011	-2.59963e-012	8.119e-012	-2.65136e-012	-1.06106e-011	1.94905e-011	-1.60121e-011	
-1.36043e-013	-3.19867e-011	-1.65455e-012	1.30384e-010	-9.79604e-011	-3.5287e-011	3.13905e-011	-1.94118e-010	1.5482e-011	1.39916e-010	8.20095e-011	1.29314e-010	-1.24644e-010	4.29919e-011	-1.84925e-011	9.79935e-011	7.6666e-011	-1.96612e-010	-5.76911e-011	3.65227e-010	-1.65482e-010	-1.5542e-010	4.62885e-011	1.6915e-011	2.58226e-011	-1.28677e-010	1.31225e-010	-1.839e-010	-1.20366e-011	-1.0349e-010	1.69266e-010	2.39215e-011	1.00213e-010	-2.80636e-010	1.11367e-010	1.59231e-010	-1.60133e-010	-1.00812e-010	3.52489e-011	2.24218e-011	-1.34069e-010	9.73121e-011	-2.22599e-010	6.96315e-011	-1.38063e-011	2.7054e-010	-2.01297e-010	1.86219e-010	-4.30814e-011	1.52605e-010	-8.47313e-011	-8.73918e-011	3.60212e-011	-1.85182e-011	3.36096e-012	-2.76151e-011	-5.07673e-012	-1.81583e-010	2.48153e-010	-5.17076e-011	-8.3866e-011	-3.44364e-013	1.55603e-010	1.04257e-011	-5.8571e-011	-1.12564e-010	3.58073e-011	-1.02756e-010	4.12196e-010	-1.34114e-010	5.09014e-011	-2.08101e-010	1.70017e-010	-1.88297e-011	6.52802e-011	-1.3444e-010	2.6475e-010	-1.82529e-010	7.82682e-012	2.77135e-010	-2.45396e-011	4.19863e-011	-3.12363e-010	1.21556e-010	-1.17505e-010	-2.68802e-011	2.26752e-011	-1.16435e-012	-4.32896e-011	-7.22411e-011	-9.27025e-012	9.11168e-011	-2.15173e-010	2.48784e-010	-2.24719e-013	-5.07911e-011	1.99726e-011	6.49609e-011	-1.26669e-010	1.08898e-010	
6.33652e-014	1.4398e-011	1.88888e-013	-5.87169e-011	4.65803e-011	1.41547e-011	-1.47272e-011	8.77452e-011	-1.08647e-011	-6.31297e-011	-3.45385e-011	-5.6682e-011	5.85953e-011	-2.1577e-011	9.11726e-012	-4.44305e-011	-3.26325e-011	9.00183e-011	2.23819e-011	-1.65482e-010	8.14416e-011	6.72164e-011	-2.34041e-011	-6.65474e-012	-1.11838e-011	5.85217e-011	-6.12783e-011	8.53627e-011	2.14398e-012	4.6327e-011	-7.81428e-011	-7.69346e-012	-4.45696e-011	1.28262e-010	-5.52054e-011	-6.96133e-011	7.51555e-011	4.24957e-011	-1.77252e-011	-9.54169e-012	6.06278e-011	-4.64319e-011	1.01809e-010	-3.5672e-011	7.25003e-012	-1.22296e-010	9.54446e-011	-8.76405e-011	2.27083e-011	-6.95682e-011	4.09001e-011	3.77165e-011	-1.79498e-011	8.81674e-012	-1.98459e-012	1.23925e-011	1.71832e-012	8.15289e-011	-1.15206e-010	2.7701e-011	3.67183e-011	-1.48873e-012	-7.00815e-011	-1.8234e-012	2.6668e-011	4.96422e-011	-1.81976e-011	4.68458e-011	-1.87483e-010	6.80262e-011	-2.51718e-011	9.46898e-011	-8.03166e-011	1.16332e-011	-2.95879e-011	6.19612e-011	-1.21465e-010	8.7286e-011	-6.62676e-012	-1.24327e-010	1.65219e-011	-1.88754e-011	1.41674e-010	-6.02915e-011	5.51703e-011	9.96381e-012	-1.07069e-011	9.22629e-013	1.94819e-011	3.1692e-011	2.64469e-012	-4.14992e-011	9.81564e-011	-1.16227e-010	4.50197e-012	2.28741e-011	-9.86095e-012	-2.88454e-011	5.82911e-011	-5.1328e-011	
5.97148e-014	1.36624e-011	1.03144e-012	-5.56429e-011	4.05579e-011	1.60672e-011	-1.30538e-011	8.25052e-011	-4.94607e-012	-5.99566e-011	-3.63534e-011	-5.59668e-011	5.19914e-011	-1.71541e-011	7.45566e-012	-4.16529e-011	-3.36604e-011	8.32378e-011	2.65347e-011	-1.5542e-010	6.72164e-011	6.81503e-011	-1.8256e-011	-7.64456e-012	-1.1196e-011	5.47407e-011	-5.47217e-011	7.73136e-011	6.94392e-012	4.42577e-011	-7.12942e-011	-1.18265e-011	-4.3022e-011	1.18898e-010	-4.48014e-011	-6.90657e-011	6.68513e-011	4.46488e-011	-1.41177e-011	-9.93322e-012	5.69848e-011	-4.03178e-011	9.40966e-011	-2.76065e-011	5.11698e-012	-1.15433e-010	8.32786e-011	-7.75736e-011	1.65493e-011	-6.47716e-011	3.4668e-011	3.81415e-011	-1.45782e-011	7.50025e-012	-1.28416e-012	1.17774e-011	2.43144e-012	7.75555e-011	-1.04264e-010	1.96437e-011	3.63179e-011	9.17399e-013	-6.64314e-011	-5.90451e-012	2.48889e-011	4.86554e-011	-1.41807e-011	4.35014e-011	-1.75054e-010	5.33032e-011	-2.03498e-011	8.83606e-011	-7.06276e-011	6.4459e-012	-2.76232e-011	5.68205e-011	-1.11671e-010	7.53892e-011	-1.48107e-012	-1.18349e-010	7.89231e-012	-1.75839e-011	1.33026e-010	-4.89119e-011	4.90337e-011	1.26539e-011	-9.46869e-012	2.8421e-013	1.85303e-011	3.12576e-011	4.56059e-012	-3.89622e-011	9.09135e-011	-1.04197e-010	-2.3009e-012	2.17277e-011	-8.01479e-012	-2.79194e-011	5.34566e-011	-4.52461e-011	
-1.61826e-014	-4.01499e-012	3.76656e-014	1.63885e-011	-1.32653e-011	-3.69494e-012	4.19884e-012	-2.46698e-011	3.28832e-012	1.7487e-011	9.3196e-012	1.5664e-011	-1.66064e-011	6.29725e-012	-2.64944e-012	1.24512e-011	8.91821e-012	-2.52564e-011	-5.81491e-012	4.62885e-011	-2.34041e-011	-1.8256e-011	6.92609e-012	1.78037e-012	3.1045e-012	-1.63328e-011	1.74481e-011	-2.40442e-011	-1.74031e-013	-1.29376e-011	2.20233e-011	1.77993e-012	1.24033e-011	-3.59704e-011	1.60566e-011	1.91794e-011	-2.12762e-011	-1.14789e-011	5.14439e-012	2.55549e-012	-1.70223e-011	1.31907e-011	-2.86511e-011	1.03715e-011	-2.26856e-012	3.40778e-011	-2.72744e-011	2.48681e-011	-6.78633e-012	1.94713e-011	-1.17701e-011	-1.035e-011	5.1502e-012	-2.60427e-012	5.65103e-013	-3.47007e-012	-4.32804e-013	-2.27794e-011	3.24814e-011	-8.30874e-012	-1.01486e-011	5.60005e-013	1.95709e-011	1.87924e-013	-7.45567e-012	-1.36971e-011	5.3301e-012	-1.31825e-011	5.25101e-011	-1.98458e-011	7.39709e-012	-2.65376e-011	2.28586e-011	-3.57388e-012	8.35501e-012	-1.7352e-011	3.42483e-011	-2.48773e-011	2.34592e-012	3.47619e-011	-5.09712e-012	5.4601e-012	-3.95623e-011	1.75234e-011	-1.56242e-011	-2.50866e-012	3.02103e-012	-2.99794e-013	-5.41099e-012	-8.76798e-012	-6.84971e-013	1.14646e-011	-2.76981e-011	3.28387e-011	-1.81665e-012	-6.35784e-012	2.88928e-012	8.01006e-012	-1.63887e-011	1.46122e-011	
-5.92016e-015	-1.49703e-012	-1.67214e-013	6.10927e-012	-4.19749e-012	-1.91127e-012	1.38134e-012	-9.01442e-012	5.52698e-014	6.47246e-012	4.1891e-012	6.2997e-012	-5.42874e-012	1.67307e-012	-7.45731e-013	4.53552e-012	3.89133e-012	-8.94975e-012	-3.25894e-012	1.6915e-011	-6.65474e-012	-7.64456e-012	1.78037e-012	9.61983e-013	1.28374e-012	-5.92097e-012	5.80952e-012	-8.18281e-012	-1.05698e-012	-4.88909e-012	7.59882e-012	1.60843e-012	4.78045e-012	-1.28212e-011	4.42132e-012	7.78479e-012	-7.00952e-012	-5.14923e-012	1.34979e-012	1.13049e-012	-6.23836e-012	4.11777e-012	-1.0187e-011	2.5726e-012	-5.2077e-013	1.25645e-011	-8.68434e-012	8.11121e-012	-1.50885e-012	7.00248e-012	-3.54384e-012	-4.34576e-012	1.40273e-012	-8.09243e-013	6.10919e-014	-1.30534e-012	-3.29593e-013	-8.53788e-012	1.10453e-011	-1.74449e-012	-4.08653e-012	-2.88374e-013	7.25884e-012	9.58397e-013	-2.68907e-012	-5.42882e-012	1.35415e-012	-4.71948e-012	1.89769e-011	-5.07532e-012	2.05679e-012	-9.55969e-012	7.34942e-012	-3.87199e-013	3.04774e-012	-6.0552e-012	1.20658e-011	-7.72648e-012	-9.38506e-014	1.30596e-011	-2.50142e-013	2.01676e-012	-1.44053e-011	4.81599e-012	-5.14393e-012	-1.5755e-012	9.74872e-013	6.0227e-016	-2.0219e-012	-3.50418e-012	-6.82673e-013	4.14947e-012	-9.90472e-012	1.09388e-011	6.62814e-013	-2.37041e-012	8.01413e-013	3.11328e-012	-5.7305e-012	4.74479e-012	
-9.19258e-015	-2.26881e-012	-1.56838e-013	9.2503e-012	-6.75523e-012	-2.62579e-012	2.18524e-012	-1.37619e-011	7.5482e-013	9.88029e-012	5.98982e-012	9.29707e-012	-8.64223e-012	2.88337e-012	-1.25382e-012	6.92951e-012	5.59023e-012	-1.3822e-011	-4.36629e-012	2.58226e-011	-1.11838e-011	-1.1196e-011	3.1045e-012	1.28374e-012	1.87257e-012	-9.07047e-012	9.15647e-012	-1.28313e-011	-1.09513e-012	-7.36898e-012	1.18526e-011	1.93405e-012	7.15669e-012	-1.97505e-011	7.52008e-012	1.14562e-011	-1.11144e-011	-7.36251e-012	2.35276e-012	1.62532e-012	-9.50241e-012	6.6845e-012	-1.56808e-011	4.5913e-012	-9.27159e-013	1.91325e-011	-1.39248e-011	1.29106e-011	-2.8134e-012	1.07515e-011	-5.80637e-012	-6.32719e-012	2.40992e-012	-1.29421e-012	1.90418e-013	-1.96608e-012	-4.07499e-013	-1.29076e-011	1.73188e-011	-3.34118e-012	-6.0326e-012	-1.61515e-013	1.10335e-011	9.67316e-013	-4.1275e-012	-8.05909e-012	2.38256e-012	-7.25123e-012	2.90854e-011	-8.91989e-012	3.46034e-012	-1.46797e-011	1.17675e-011	-1.08665e-012	4.63245e-012	-9.40746e-012	1.86265e-011	-1.25397e-011	3.4289e-013	1.97163e-011	-1.28693e-012	3.0213e-012	-2.20524e-011	8.20191e-012	-8.15542e-012	-2.06407e-012	1.5645e-012	-5.29202e-014	-3.06649e-012	-5.19037e-012	-7.96672e-013	6.39153e-012	-1.51973e-011	1.73001e-011	3.11996e-013	-3.59719e-012	1.35612e-012	4.64247e-012	-8.88461e-012	7.55296e-012	
4.86815e-014	1.12678e-011	5.79282e-013	-4.59271e-011	3.45783e-011	1.24053e-011	-1.10647e-011	6.83238e-011	-5.62857e-012	-4.93412e-011	-2.88395e-011	-4.54995e-011	4.39802e-011	-1.51946e-011	6.52933e-012	-3.45181e-011	-2.69439e-011	6.93068e-011	2.02329e-011	-1.28677e-010	5.85217e-011	5.47407e-011	-1.63328e-011	-5.92097e-012	-9.07047e-012	4.53666e-011	-4.62427e-011	6.48716e-011	4.17055e-012	3.64297e-011	-5.96732e-011	-8.35089e-012	-3.52728e-011	9.8917e-011	-3.93336e-011	-5.60363e-011	5.65051e-011	3.54501e-011	-1.24703e-011	-7.90051e-012	4.72017e-011	-3.43712e-011	7.84278e-011	-2.46732e-011	4.84243e-012	-9.53489e-011	7.09981e-011	-6.57035e-011	1.52355e-011	-5.37926e-011	2.99029e-011	3.07346e-011	-1.27564e-011	6.50087e-012	-1.2115e-012	9.71994e-012	1.76592e-012	6.39325e-011	-8.75262e-011	1.83033e-011	2.95041e-011	6.11465e-014	-5.48032e-011	-3.59496e-012	2.06466e-011	3.96369e-011	-1.26626e-011	3.61924e-011	-1.4525e-010	4.74486e-011	-1.79454e-011	7.3325e-011	-5.99793e-011	6.73057e-012	-2.29708e-011	4.74339e-011	-9.32804e-011	6.44547e-011	-2.78425e-012	-9.75585e-011	8.84284e-012	-1.47129e-011	1.10086e-010	-4.29394e-011	4.14628e-011	9.42037e-012	-8.00922e-012	4.22927e-013	1.52576e-011	2.5415e-011	3.17532e-012	-3.21732e-011	7.5764e-011	-8.77708e-011	1.75001e-013	1.79008e-011	-7.04288e-012	-2.28694e-011	4.46605e-011	-3.84096e-011	
-4.78225e-014	-1.14631e-011	-4.04007e-013	4.67457e-011	-3.58375e-011	-1.20823e-011	1.14488e-011	-6.98175e-011	6.53257e-012	5.00613e-011	2.86462e-011	4.59189e-011	-4.53909e-011	1.60922e-011	-6.8779e-012	3.52356e-011	2.69478e-011	-7.08924e-011	-1.95945e-011	1.31225e-010	-6.12783e-011	-5.47217e-011	1.74481e-011	5.80952e-012	9.15647e-012	-4.62427e-011	4.77818e-011	-6.6621e-011	-3.29487e-012	-3.70555e-011	6.1247e-011	7.6477e-012	3.57866e-011	-1.01131e-010	4.14925e-011	5.64552e-011	-5.82707e-011	-3.52325e-011	1.31737e-011	7.83324e-012	-4.82056e-011	3.56008e-011	-8.03225e-011	2.61755e-011	-5.37397e-012	9.70306e-011	-7.36725e-011	6.78626e-011	-1.64925e-011	5.4924e-011	-3.12304e-011	-3.08534e-011	1.33754e-011	-6.86232e-012	1.30468e-012	-9.90261e-012	-1.66783e-012	-6.50746e-011	8.99298e-011	-1.9917e-011	-2.97733e-011	3.24872e-013	5.57954e-011	2.89253e-012	-2.10659e-011	-4.00093e-011	1.34665e-011	-3.70474e-011	1.48302e-010	-5.03378e-011	1.90226e-011	-7.48926e-011	6.20789e-011	-7.65804e-012	2.35299e-011	-4.85257e-011	9.56663e-011	-6.68903e-011	3.85772e-012	9.93209e-011	-1.0295e-011	1.52228e-011	-1.12196e-010	4.52842e-011	-4.27685e-011	-8.97417e-012	8.2544e-012	-5.33559e-013	-1.54931e-011	-2.56657e-011	-2.97885e-012	3.26477e-011	-7.76614e-011	9.03625e-011	-1.44138e-012	-1.81853e-011	7.4524e-012	2.31741e-011	-4.57626e-011	3.97443e-011	
6.93461e-014	1.6076e-011	6.59108e-013	-6.55287e-011	5.00124e-011	1.72072e-011	-1.59568e-011	9.7663e-011	-9.0659e-012	-7.04189e-011	-4.04911e-011	-6.45028e-011	6.34366e-011	-2.2295e-011	9.53761e-012	-4.93476e-011	-3.79323e-011	9.93019e-011	2.78744e-011	-1.839e-010	8.53627e-011	7.73136e-011	-2.40442e-011	-8.18281e-012	-1.28313e-011	6.48716e-011	-6.6621e-011	9.32555e-011	5.04218e-012	5.19219e-011	-8.56926e-011	-1.10559e-011	-5.01879e-011	1.4166e-010	-5.75489e-011	-7.93743e-011	8.1451e-011	4.97817e-011	-1.83054e-011	-1.11052e-011	6.74526e-011	-4.97557e-011	1.12355e-010	-3.63677e-011	7.22221e-012	-1.36154e-010	1.02657e-010	-9.47929e-011	2.26738e-011	-7.69773e-011	4.34364e-011	4.34101e-011	-1.86624e-011	9.43395e-012	-1.85728e-012	1.386e-011	2.36922e-012	9.11821e-011	-1.25836e-010	2.73529e-011	4.18227e-011	-3.57647e-013	-7.82247e-011	-4.32554e-012	2.95371e-011	5.62554e-011	-1.86431e-011	5.18204e-011	-2.07778e-010	6.98055e-011	-2.62561e-011	1.04918e-010	-8.66409e-011	1.04572e-011	-3.28459e-011	6.80397e-011	-1.3374e-010	9.33581e-011	-4.87049e-012	-1.39118e-010	1.40946e-011	-2.10362e-011	1.57364e-010	-6.28301e-011	5.97723e-011	1.28546e-011	-1.15612e-011	7.05744e-013	2.17614e-011	3.60491e-011	4.15751e-012	-4.59932e-011	1.08502e-010	-1.26399e-010	1.47434e-012	2.55366e-011	-1.03035e-011	-3.25157e-011	6.40619e-011	-5.54433e-011	
4.83218e-015	1.10486e-012	3.66443e-013	-4.47758e-012	2.08632e-012	2.16609e-012	-7.52869e-013	6.40389e-012	1.35841e-012	-4.86348e-012	-4.11168e-012	-5.24061e-012	3.01751e-012	-2.98155e-013	2.10358e-013	-3.19926e-012	-3.6056e-012	6.01332e-012	3.88401e-012	-1.20366e-011	2.14398e-012	6.94392e-012	-1.74031e-013	-1.05698e-012	-1.09513e-012	4.17055e-012	-3.29487e-012	5.04218e-012	2.17129e-012	3.67341e-012	-4.82229e-012	-2.44468e-012	-3.71652e-012	8.69203e-012	-1.12839e-012	-6.57481e-012	3.94392e-012	5.02728e-012	-2.53802e-013	-1.0943e-012	4.42316e-012	-2.0313e-012	6.78449e-012	-1.89121e-013	-1.66296e-013	-9.13655e-012	4.33881e-012	-4.43859e-012	-3.05393e-013	-4.83251e-012	1.44284e-012	3.85471e-012	-3.75697e-013	3.18725e-013	9.50759e-014	9.58529e-013	4.5847e-013	6.33003e-012	-6.77188e-012	-5.92839e-013	3.41819e-012	8.38647e-013	-5.34181e-012	-1.8523e-012	1.87622e-012	4.44576e-012	-1.33501e-013	3.20166e-012	-1.32175e-011	6.20185e-013	-4.82252e-013	6.64859e-012	-3.87202e-012	-9.82156e-013	-2.08436e-012	3.95312e-012	-7.85235e-012	3.65769e-012	1.46372e-012	-9.68634e-012	-1.91421e-012	-1.30903e-012	1.0288e-011	-1.22568e-012	2.87931e-012	2.07022e-012	-5.38766e-013	-1.68502e-013	1.51352e-012	2.91208e-012	1.03225e-012	-3.01874e-012	6.61465e-012	-6.42154e-012	-2.34328e-012	1.76509e-012	-2.04711e-013	-2.43961e-012	3.71561e-012	-2.52357e-012	
